0.17070063948631287 0.4051622152328491
-0.7800178527832031 0.7789100408554077
-0.7021974325180054 0.8514021039009094
-0.6149773597717285 0.9136985540390015
-0.5261627435684204 0.9550837278366089
-0.41494259238243103 0.9845027327537537
-0.27954578399658203 0.9890555143356323
-0.13367024064064026 0.9636995792388916
-0.06499328464269638 0.9338453412055969
-0.03357299417257309 0.9143711924552917
-0.03301648423075676 0.8970838189125061
-0.045213863253593445 0.8717437982559204
-0.09758535027503967 0.8176993131637573
-0.05358712375164032 0.7266515493392944
-0.4712843894958496 0.8054169416427612
-0.46379637718200684 0.7985210418701172
-0.21466359496116638 0.7291594743728638
0.19250580668449402 0.9299106001853943
0.19153045117855072 0.9283853769302368
0.18622756004333496 0.921537458896637
0.1326875388622284 0.8792464137077332
-0.2101331204175949 0.7980678677558899
0.05522318184375763 0.7893431782722473
-0.4695059061050415 0.8020694255828857
-0.4436401128768921 0.7767940163612366
-0.05573723465204239 0.7847836017608643
-0.06242573261260986 0.744190514087677
-0.043212614953517914 0.6865833401679993
-0.46972307562828064 0.8016995191574097
-0.4192672371864319 0.7482290863990784
0.18560008704662323 0.9106597304344177
0.09592823684215546 0.8024603724479675
-0.023900043219327927 0.7544826865196228
-0.022088173776865005 0.7295680642127991
-0.08414977788925171 0.67350834608078
-0.07191247493028641 0.573566198348999
0.1139553114771843 0.3745013177394867
0.08690746873617172 0.2532913386821747
-0.3261335492134094 0.7646908164024353
-0.1345720738172531 0.7508675456047058
0.1475689858198166 0.5561906695365906
0.44996127486228943 0.2830239534378052
-0.47824692726135254 0.6577011346817017
-0.049591064453125 0.49085989594459534
0.4552818536758423 0.35582977533340454
0.14815518260002136 0.41404831409454346
0.2582355737686157 0.227322518825531
-1.0902589559555054 0.24316756427288055
-0.6923093199729919 0.40035688877105713
-0.1217699646949768 0.5035393238067627
0.23491382598876953 0.2944716811180115
-0.07609203457832336 0.38304659724235535
0.27076077461242676 0.32821717858314514
0.12558285892009735 0.35796108841896057
-0.31135594844818115 0.6680926084518433
-0.01880304329097271 0.4247496724128723
0.515709638595581 0.2595977187156677
-0.16349953413009644 0.4429643154144287
0.1874699890613556 0.34770625829696655
0.10460739582777023 0.22669655084609985
-0.23172199726104736 0.17497307062149048
0.7224154472351074 0.22494271397590637
0.5950359106063843 0.28475937247276306
0.40890514850616455 0.36288103461265564
0.21225261688232422 0.4595240354537964
0.518883228302002 0.285600870847702
0.40711140632629395 0.3770335614681244
0.44011029601097107 0.32342666387557983
0.42509400844573975 0.301400363445282
0.2242269366979599 0.3259180188179016
0.018973475322127342 0.35852909088134766
0.7466966509819031 0.2198149859905243
0.678454577922821 0.2429976463317871
0.5429865717887878 0.3133236765861511
0.442315936088562 0.3333178758621216
0.4234279990196228 0.3328995108604431
0.40490198135375977 0.33296146988868713
0.5308019518852234 0.2430039644241333
0.3007412850856781 0.35994288325309753
0.13277512788772583 0.35393863916397095
0.3195057809352875 0.37738269567489624
0.44222840666770935 0.25912708044052124
-0.033502139151096344 0.4226653277873993
0.5496155023574829 0.2072877436876297
0.21669432520866394 0.403097003698349
0.16213786602020264 0.34597688913345337
0.14298197627067566 0.2589811086654663
0.3871513307094574 0.19776120781898499
-0.4175959527492523 0.7219136953353882
0.1793128252029419 0.7470062971115112
0.2972973585128784 0.34367597103118896
0.15280841290950775 0.3386136293411255
0.2977598011493683 0.23922261595726013
-0.3249707818031311 0.6093283295631409
0.5574700832366943 0.19039471447467804
0.15317317843437195 0.4085860252380371
0.20139959454536438 0.3229825496673584
0.24028989672660828 0.23849934339523315
0.007529323920607567 0.34317508339881897
0.7570689916610718 0.177777960896492
0.47156235575675964 0.23566566407680511
-0.05555029213428497 0.41830354928970337
0.4699474275112152 0.2429737150669098
0.1564076840877533 0.31464624404907227
0.09539113938808441 0.26383253931999207
0.5572397112846375 0.16414594650268555
-0.35556572675704956 0.6038054823875427
0.24483105540275574 0.33298468589782715
0.24329128861427307 0.26310715079307556
0.02129012905061245 0.25462743639945984
0.24294903874397278 0.23210935294628143
-0.523717999458313 0.23548077046871185
0.4524173140525818 0.2588235139846802
0.26572126150131226 0.2394319772720337
0.12910418212413788 0.1740580052137375
-0.03644625470042229 0.21870988607406616
0.25281059741973877 0.3638603389263153
-0.4520442485809326 0.24496981501579285
0.3618738055229187 0.23081056773662567
0.1172536313533783 0.26634904742240906
0.19345878064632416 0.1616421341896057
-0.7089272737503052 0.20555755496025085
0.32634031772613525 0.1990911215543747
-0.22346703708171844 0.19099374115467072
0.5806758999824524 0.18962205946445465
-0.005830714013427496 0.23184111714363098
-0.18309059739112854 0.2108204960823059
0.2826707065105438 0.29577162861824036
0.15362820029258728 0.1917778104543686
-0.14777110517024994 0.16560672223567963
0.5972259044647217 0.22107872366905212
0.163737952709198 0.23459585011005402
-0.3053829073905945 0.19929127395153046
0.5208257436752319 0.17907536029815674
0.06845005601644516 0.2947045564651489
-0.053847603499889374 0.1468273401260376
0.2722069025039673 0.2238655686378479
-0.40224289894104004 0.22547127306461334
0.4518377482891083 0.2042820155620575
-0.01751762628555298 0.22469769418239594
-0.06307201087474823 0.12231618165969849
0.35853904485702515 0.15881898999214172
-0.5045303106307983 0.12145870178937912
0.49112480878829956 0.19145195186138153
0.18501347303390503 0.23086433112621307
0.0647815465927124 0.13551223278045654
0.1267654299736023 0.10760096460580826
-0.4320548474788666 0.15579764544963837
0.3949359357357025 0.22189977765083313
0.02730574458837509 0.1802484095096588
0.034248631447553635 0.10631604492664337
-0.22214224934577942 0.15811912715435028
0.4150583744049072 0.15389041602611542
-0.2828027009963989 0.20095311105251312
0.4330783784389496 0.16614985466003418
0.018061328679323196 0.1727263331413269
0.10455343127250671 0.12236131727695465
-0.18548306822776794 0.2346353530883789
0.4435623586177826 0.10868477821350098
-0.4987964332103729 0.1230141893029213
0.4053514897823334 0.12098775058984756
-0.09839151799678802 0.14939430356025696
0.2214808464050293 0.09014277905225754
-0.5782100558280945 0.10406406223773956
0.3905448913574219 0.13193295896053314
-0.21744701266288757 0.11573131382465363
0.38659295439720154 0.08545026183128357
-0.5403938293457031 0.11278849840164185
0.41018959879875183 0.08242669701576233
-0.2431999146938324 0.09935900568962097
0.44232118129730225 0.08101747930049896
-0.41550350189208984 0.07762867212295532
0.42163246870040894 0.0961487889289856
-0.14802616834640503 0.09078972041606903
0.326887845993042 0.07565395534038544
-0.5201087594032288 0.08966609835624695
0.3264520764350891 0.11522763222455978
-0.2245895117521286 0.07137570530176163
0.4711470603942871 0.07532020658254623
-0.32246094942092896 0.06866699457168579
0.39999398589134216 0.07655031234025955
-0.2949203848838806 0.06975928694009781
0.4293993413448334 0.06280020624399185
-0.34993839263916016 0.06894015520811081
0.38119611144065857 0.06706070899963379
-0.2655099332332611 0.07144550234079361
0.41003283858299255 0.05739416554570198
-0.3431538939476013 0.06169528514146805
0.3766305446624756 0.06279993802309036
-0.24756097793579102 0.07100150734186172
0.3669576048851013 0.050940122455358505
-0.3489465117454529 0.05837102234363556
0.35075312852859497 0.05669260025024414
-0.27308791875839233 0.05882029980421066
0.3572685122489929 0.0505802184343338
-0.32853686809539795 0.05473842844367027
0.3450687825679779 0.05187311768531799
-0.2795675992965698 0.06050479784607887
0.3175658583641052 0.054513949900865555
-0.2872462868690491 0.0509045235812664
0.3459576964378357 0.047440849244594574
-0.24939505755901337 0.05551595985889435
0.3070313036441803 0.04727884754538536
-0.28616151213645935 0.04787983372807503
0.3090822994709015 0.04413609206676483
-0.26649537682533264 0.044902388006448746
0.31470245122909546 0.044717125594615936
-0.2635306119918823 0.04563684016466141
0.2673744559288025 0.042718395590782166
-0.27016690373420715 0.045559562742710114
0.2485319823026657 0.04978293552994728
-0.24180732667446136 0.04156029224395752
0.2788238227367401 0.04102383181452751
-0.25306132435798645 0.04458143189549446
0.20599767565727234 0.042083490639925
-0.26598605513572693 0.03816678002476692
0.25299501419067383 0.03876226395368576
-0.23767134547233582 0.03928064554929733
0.23968802392482758 0.040971409529447556
-0.2282380312681198 0.040936026722192764
0.1941840648651123 0.039681147783994675
-0.23068806529045105 0.03177047148346901
0.2456379532814026 0.03592197597026825
-0.22303059697151184 0.038773637264966965
0.2017715573310852 0.0374939925968647
-0.2071589082479477 0.03192409873008728
0.21709799766540527 0.03548521175980568
-0.19843491911888123 0.03158602863550186
0.2024902105331421 0.034775666892528534
-0.20180325210094452 0.03258748725056648
0.18616358935832977 0.033052124083042145
-0.19660642743110657 0.03130332753062248
0.17862604558467865 0.03074522875249386
-0.19491469860076904 0.032441362738609314
0.16561909019947052 0.02970823645591736
-0.17644533514976501 0.029514649882912636
0.17260223627090454 0.03153962641954422
-0.16506069898605347 0.028433531522750854
0.1516907811164856 0.028777165338397026
-0.15895985066890717 0.02857530675828457
0.16308659315109253 0.027134018018841743
-0.1570962518453598 0.02527342364192009
0.15491698682308197 0.026284152641892433
-0.16313929855823517 0.025186294689774513
0.1501438319683075 0.02625572681427002
-0.147195965051651 0.02666475437581539
0.13016074895858765 0.027861448004841805
-0.1279151737689972 0.030034232884645462
0.0981493815779686 0.029338300228118896
-0.10208646953105927 0.030591825023293495
0.08937376737594604 0.03203552961349487
-0.09202294796705246 0.033012788742780685
0.07915325462818146 0.03105519525706768
-0.08427145332098007 0.034821368753910065
0.06731339544057846 0.027164369821548462
-0.0768449604511261 0.027627242729067802
0.08140069246292114 0.027972927317023277
-0.0856688842177391 0.025334328413009644
0.08215102553367615 0.022799745202064514
-0.09871810674667358 0.025272734463214874
0.08702035993337631 0.026790406554937363
-0.09223620593547821 0.023141497746109962
0.09442951530218124 0.022086968645453453
-0.0938471183180809 0.021155742928385735
0.08916323632001877 0.02274986542761326
-0.08344034850597382 0.023569822311401367
0.07275227457284927 0.02375919371843338
-0.0702778697013855 0.020589478313922882
0.07203775644302368 0.018504315987229347
-0.07291026413440704 0.018846958875656128
0.07754090428352356 0.021319137886166573
-0.06969819962978363 0.023694921284914017
0.0645672082901001 0.021367661654949188
-0.047462206333875656 0.01844930276274681
0.04905690252780914 0.018551567569375038
-0.04815931245684624 0.021275486797094345
0.045409269630908966 0.022053761407732964
-0.04268937557935715 0.019853677600622177
0.04247129708528519 0.018708674237132072
-0.03988201543688774 0.01921844854950905
0.03853043168783188 0.018946265801787376
-0.03381030261516571 0.019696740433573723
0.02816295623779297 0.02136777527630329
-0.021913837641477585 0.017515812069177628
0.026061493903398514 0.016338711604475975
-0.0212918221950531 0.015798509120941162
0.034849025309085846 0.015577562153339386
-0.02829047292470932 0.017867447808384895
0.028345704078674316 0.017318036407232285
-0.02009321004152298 0.016131075099110603
0.021950937807559967 0.015273979865014553
-0.02466118149459362 0.015745749697089195
0.024595748633146286 0.017023051157593727
-0.020723450928926468 0.017405366525053978
0.018400099128484726 0.016211217269301414
-0.016265053302049637 0.015308527275919914
0.019409243017435074 0.01604883000254631
-0.013095684349536896 0.015884289517998695
0.014318487606942654 0.01451212726533413
-0.009489386342465878 0.014520782046020031
0.01080181822180748 0.013491388410329819
-0.013854209333658218 0.014714794233441353
0.01047836896032095 0.015511108562350273
-0.005935744382441044 0.014900551177561283
0.017935676500201225 0.014102395623922348
-0.014574072323739529 0.015075278468430042
0.016135286539793015 0.015112207271158695
-0.007818400859832764 0.013849129900336266
0.006431800313293934 0.012688194401562214
-0.014402871951460838 0.01345918606966734
0.010526134632527828 0.013962149620056152
-0.00813346728682518 0.014122385531663895
0.014092599973082542 0.013936381787061691
-0.005359636154025793 0.013442681171000004
0.009689247235655785 0.012573008425533772
-0.004135750699788332 0.011963676661252975
0.006130843888968229 0.011652887798845768
-0.005565845873206854 0.0125333983451128
0.0005638691363856196 0.013014259748160839
-0.0024552736431360245 0.012761509977281094
0.006255267187952995 0.011296255514025688
-0.003899234114214778 0.01113234180957079
0.002176344860345125 0.012180827558040619
0.00257861684076488 0.011511504650115967
0.003444444853812456 0.01069607399404049
-0.00031224917620420456 0.011272083036601543
-0.0005036209477111697 0.011170702055096626
0.004539673216640949 0.012018628418445587
0.003620196832343936 0.011358273215591908
0.0060190474614501 0.011613049544394016
-0.002136334078386426 0.010951441712677479
0.006717568263411522 0.010667511261999607
-0.0002613682299852371 0.011061890050768852
0.0036550266668200493 0.010599053464829922
-0.0003255766350775957 0.010813786648213863
0.0009526924113743007 0.01048365980386734
0.00193645094987005 0.010815851390361786
0.007101134862750769 0.010339455679059029
-0.0034093386493623257 0.0104837566614151
0.001268024556338787 0.010048732161521912
-0.0035243991296738386 0.009956163354218006
0.003887808881700039 0.009403085336089134
-0.0024618429597467184 0.009512669406831264
0.005349889397621155 0.009795797057449818
0.00028620040393434465 0.009658538736402988
0.00261097215116024 0.009409853257238865
-0.003690768964588642 0.009486359544098377
0.0003254443872720003 0.009397094137966633
0.00018302103853784502 0.009454553946852684
0.003995798993855715 0.00954125914722681
-0.003515007672831416 0.009729375131428242
-0.0018860474228858948 0.009251317009329796
0.00022628593433182687 0.009752531535923481
0.0015359257813543081 0.009652729146182537
-0.00012519396841526031 0.009566938504576683
-0.001832785434089601 0.009239799343049526
0.001368552679196 0.009085480123758316
0.002541686175391078 0.0088349599391222
-0.0016333512030541897 0.008932163007557392
-0.0009154993458651006 0.008746976032853127
-0.0006096319411881268 0.008497931063175201
-0.0034424280747771263 0.008395410142838955
0.002845468930900097 0.008341898210346699
0.0012879273854196072 0.008412232622504234
0.0038058150094002485 0.008768401108682156
-0.0015719013754278421 0.008630754426121712
0.002452932298183441 0.008328251540660858
0.0008318228065036237 0.008393567986786366
-0.0003618726914282888 0.0083165867254138
0.0020280592143535614 0.00827720109373331
-0.00024206051602959633 0.008144183084368706
-0.00027601764304563403 0.008095563389360905
0.0018716382328420877 0.008118776604533195
-0.0009569483809173107 0.008006148040294647
0.0011372793233022094 0.007960282266139984
0.0033825652208179235 0.007917826995253563
0.0025769975036382675 0.007961434312164783
0.0023834523744881153 0.008034476079046726
0.0013096644543111324 0.007888260297477245
0.00157656311057508 0.007916062138974667
-0.0014817605260759592 0.007772717624902725
0.0014506870647892356 0.0077734896913170815
-0.0016070430865511298 0.007757870946079493
-0.0014429460279643536 0.007680550683289766
0.004821608774363995 0.007601720746606588
0.00017468025907874107 0.007713814731687307
0.0015958200674504042 0.007600467652082443
0.002550758421421051 0.007567313965409994
0.0025170124135911465 0.007382625248283148
0.002365821972489357 0.0074609373696148396
0.0020287283696234226 0.007405102252960205
0.00538883451372385 0.007407240569591522
0.0025124195963144302 0.007339539006352425
0.0018207074608653784 0.007277764845639467
-0.0013272841461002827 0.007335098925977945
0.000984488520771265 0.007306857034564018
0.0005591831868514419 0.007301962003111839
0.0004937322810292244 0.007194854319095612
0.005424736067652702 0.007107515819370747
0.0026683497708290815 0.007153501268476248
0.0008476939983665943 0.007199274376034737
0.00019356717530172318 0.007242395542562008
0.0017048546578735113 0.007164573296904564
0.002714062575250864 0.007180824875831604
0.0005284886574372649 0.007119731046259403
0.0011200400767847896 0.007080782204866409
0.005586631130427122 0.007068777922540903
0.0048323096707463264 0.007019734941422939
0.001523630111478269 0.006983570288866758
0.00037981802597641945 0.006975801195949316
-0.0006027684430591762 0.0069413804449141026
-0.001308780862018466 0.006842188071459532
0.00015969978994689882 0.0068718260154128075
0.0013597614597529173 0.0068201590329408646
0.002047198126092553 0.0067616673186421394
0.004384948872029781 0.00685776025056839
0.0016610448947176337 0.006731064058840275
0.0010529339779168367 0.006714767310768366
-0.0005531031638383865 0.006747573148459196
-0.00015787221491336823 0.006831837818026543
0.0037764438893646 0.006788196507841349
0.0017442172393202782 0.0067470986396074295
0.001137969782575965 0.006692230701446533
0.0009368582395836711 0.006658901460468769
-0.0022453004494309425 0.006649128161370754
-0.0015235699247568846 0.006602169945836067
-0.000908911635633558 0.00658563943579793
0.001709075877442956 0.006606000941246748
0.00033499192795716226 0.006551808211952448
0.002150325570255518 0.006556341890245676
0.0004457415489014238 0.006515209563076496
0.0008274051360785961 0.0066248513758182526
-6.642332300543785e-05 0.006576033774763346
0.00171634869184345 0.006450963206589222
0.0017785134259611368 0.006500127725303173
0.0002038808015640825 0.006496742367744446
-0.0014004926197230816 0.006414167117327452
-0.0005892234621569514 0.00639392901211977
3.233614188502543e-05 0.006275448016822338
0.002745075151324272 0.0062861661426723
0.003931621089577675 0.006292571779340506
0.002231127116829157 0.006308906711637974
0.0007945498218759894 0.006294078193604946
0.0008705905638635159 0.006280896253883839
0.0013327877968549728 0.006224870681762695
0.0015220096101984382 0.00621131993830204
0.0025855766143649817 0.006210969295352697
0.0001518338394816965 0.006169135216623545
0.0017814429011195898 0.00613807886838913
0.0038539497181773186 0.006078720558434725
0.0023056836798787117 0.006097561214119196
0.0022582150995731354 0.006093474570661783
0.0003060323651880026 0.0060939970426261425
0.0009048781357705593 0.006051200907677412
-0.000844140478875488 0.00605234457179904
-0.0008562986622564495 0.005968395154923201
-0.0004998971126042306 0.0059815216809511185
0.00015046766202431172 0.005980495363473892
0.0004969703732058406 0.006066559813916683
0.0013529653660953045 0.005973040591925383
0.0011308504035696387 0.005991039332002401
-0.0005726463859900832 0.005958466790616512
-0.00014562439173460007 0.005972413346171379
0.0007784281624481082 0.005939168855547905
0.0002925999870058149 0.005919632967561483
0.00020010335720144212 0.005921753589063883
-0.0002241250331280753 0.005963985342532396
-6.908302748342976e-05 0.005937617737799883
-0.00039894250221550465 0.0058472007513046265
-0.0016027428209781647 0.005860221106559038
-0.0010868094395846128 0.005894454196095467
0.0003056481364183128 0.005822272971272469
0.0003061734023503959 0.005805488210171461
0.0004726988263428211 0.005806409288197756
0.000692625530064106 0.005784983281046152
-0.0003856674302369356 0.00574122928082943
0.00048574976972304285 0.005797195248305798
0.0006395184900611639 0.005722639616578817
0.00016487731772940606 0.005676089320331812
-4.918004196952097e-05 0.005656566005200148
-0.00016603355470579118 0.005680616479367018
-0.0004949876456521451 0.005702924448996782
0.0009152292041108012 0.005691349972039461
0.0016648322343826294 0.005661743227392435
0.002058941638097167 0.00564368162304163
0.003059165086597204 0.0056127156130969524
0.0019914088770747185 0.005565625615417957
0.0022779256105422974 0.005558026023209095
0.0029931978788226843 0.0055650570429861546
0.002087450586259365 0.0055175283923745155
0.0013763706665486097 0.005556608084589243
0.0008814425091259181 0.005500162485986948
0.0010046059032902122 0.005538654513657093
0.00018365371215622872 0.005490119103342295
-0.0014787104446440935 0.005511291325092316
-0.0013426775112748146 0.005510176997631788
-0.0004412601701915264 0.005480349529534578
0.0001408297976013273 0.005505029112100601
-1.5234264537866693e-05 0.005482496228069067
-0.0002320699131814763 0.005485110450536013
-0.00036712829023599625 0.005483082961291075
-0.0013092297594994307 0.005437902640551329
-0.0014965487644076347 0.00547029497101903
3.376835957169533e-05 0.005461151245981455
0.001380241708829999 0.005423028953373432
0.00015734524640720338 0.0054206461645662785
0.0014701624168083072 0.005334044806659222
0.00034922361373901367 0.005406542681157589
0.00019384719780646265 0.005352908745408058
0.0009295254712924361 0.005345962010324001
-6.0089943872299045e-05 0.005328318104147911
-0.0013356645358726382 0.005240844562649727
-0.0014519168762490153 0.005227269604802132
-0.0006600968772545457 0.0051962281577289104
-0.0004439532058313489 0.005195512901991606
-0.0013251749332994223 0.005217349622398615
-0.0009691747836768627 0.005148859694600105
-0.0013184485724195838 0.005132795311510563
-0.0009628417319618165 0.0050996108911931515
-0.0008231488754972816 0.005149862729012966
-2.5318975531263277e-05 0.005111961159855127
-0.00016109584248624742 0.005063380114734173
-0.0005193604156374931 0.0050646415911614895
0.00032528582960367203 0.005049342289566994
-0.00018705971888266504 0.005051291082054377
-0.0003257558564655483 0.0050115580670535564
-0.0012449885252863169 0.004950284026563168
-0.0011588132474571466 0.004956893157213926
0.0004892515717074275 0.004914329387247562
0.00029485649429261684 0.004927307367324829
-2.7559213776839897e-05 0.004903062246739864
-0.00012127839727327228 0.004913222044706345
0.0010803204495459795 0.0048798150382936
0.0011614611139521003 0.004908658564090729
0.0018807583255693316 0.004877461586147547
0.002260002540424466 0.0048568593338131905
0.0020373365841805935 0.004885226022452116
0.0013399922754615545 0.004877947270870209
0.0006357780075632036 0.004885625094175339
0.001363963121548295 0.004872161895036697
0.0011500592809170485 0.004850571043789387
-5.579771095653996e-05 0.004901831969618797
-0.0004003522917628288 0.004922005347907543
5.1561666623456404e-05 0.004926550202071667
0.00027426978340372443 0.004903168883174658
-0.0002523872535675764 0.0048637595027685165
0.00034920708276331425 0.004845871590077877
0.0001905382378026843 0.004828586708754301
-0.00031408265931531787 0.004813529085367918
0.00013898848555982113 0.00480633182451129
0.0004661378334276378 0.004799939692020416
-0.0010378274600952864 0.004792246967554092
-0.0012527029030025005 0.0047684782184660435
-0.000958952063228935 0.004754079971462488
-0.001681618858128786 0.004726281389594078
-0.0012118490412831306 0.004699775483459234
-0.001730009913444519 0.004639034625142813
-0.0018940375884994864 0.004679890815168619
-0.0019018359016627073 0.0047118826769292355
-0.0011082838755100965 0.004714524373412132
-0.0010079045314341784 0.004714808892458677
-0.0008933718199841678 0.004725876729935408
-0.0016703426372259855 0.004730826243758202
-0.002000941429287195 0.0047266678884625435
-0.0023270107340067625 0.004707037005573511
-0.002071266993880272 0.0046645160764455795
-0.0022677541710436344 0.004660072270780802
-0.0017028949223458767 0.004646437708288431
-0.0017803715309128165 0.0046753473579883575
-0.002062759129330516 0.004640496801584959
-0.0014141866704449058 0.004647156223654747
-0.0007613550405949354 0.0046074572019279
-0.001058374997228384 0.004623505286872387
-0.00035503710387274623 0.00457752775400877
-0.00045142750605009496 0.00460102129727602
-0.0009121573530137539 0.004553104750812054
-0.0003214350435882807 0.004548725672066212
-0.00019513117149472237 0.004546043463051319
5.1255883590783924e-05 0.0045570069923996925
0.000280789565294981 0.004546222742646933
0.0005422001122497022 0.004508549347519875
-0.00013435880828183144 0.004492595791816711
-8.646014612168074e-05 0.004481473006308079
0.0005584658356383443 0.004460728261619806
0.0001605571451364085 0.004449532832950354
-0.0011380644282326102 0.004408731125295162
-0.000955029099714011 0.004430510103702545
-0.0009030519286170602 0.004447587765753269
-0.0011664913035929203 0.004463913384824991
-0.0006116683944128454 0.00445179920643568
-0.001372280064970255 0.004452454391866922
-0.0016070152632892132 0.004414082504808903
-0.0012816931121051311 0.004376784898340702
-0.0008834546315483749 0.004381697624921799
-0.0005906880251131952 0.004353678785264492
-0.0006596421590074897 0.004360456019639969
-0.0003593020373955369 0.004363220185041428
2.3754779249429703e-05 0.004328974988311529
0.00045650568790733814 0.0043367440812289715
0.0007885597879067063 0.0043506440706551075
0.0005947034806013107 0.004328044597059488
0.00071462441701442 0.004337384831160307
0.00028379293507896364 0.004326702561229467
1.451388652640162e-05 0.004328974988311529
0.00034973895526491106 0.004321185406297445
0.0012829320039600134 0.004315013065934181
0.002004405250772834 0.004284273833036423
0.0019218975212424994 0.004275204613804817
0.001974918879568577 0.004247147124260664
0.002177427988499403 0.004246904514729977
0.0013551315059885383 0.004254352767020464
0.0012766520958393812 0.00423034094274044
0.000883809756487608 0.004228934645652771
0.0006959766615182161 0.004246878903359175
0.0005473938072100282 0.0042257183231413364
6.576938176294789e-05 0.004183545708656311
5.3815776482224464e-05 0.004157459829002619
4.472269210964441e-05 0.004138207528740168
-0.00015587438247166574 0.004131757188588381
-0.0005066333105787635 0.00411649327725172
-0.0006490754894912243 0.004123834427446127
-3.875388574670069e-05 0.004092152696102858
0.00041101776878349483 0.004081005696207285
0.0003905582707375288 0.004061711952090263
0.0004435217415448278 0.004053029231727123
0.00035479431971907616 0.004037616308778524
0.0007028221152722836 0.004019508138298988
0.0010699534323066473 0.004009227268397808
0.0011774053564295173 0.003994358703494072
0.0009597198804840446 0.003977647516876459
0.0011147047625854611 0.003957752604037523
0.0015705506084486842 0.00393564160913229
0.0009825711604207754 0.003947009332478046
0.0008160350262187421 0.003918888512998819
0.0016666424926370382 0.003912549931555986
0.0015080379089340568 0.003924428019672632
0.0011926933657377958 0.0039011631160974503
0.0013493443839251995 0.0038984904531389475
0.0016970052383840084 0.0038921323139220476
0.001372777740471065 0.0039069922640919685
0.001991234952583909 0.0038954487536102533
0.0015983505873009562 0.0038872784934937954
0.0012231343425810337 0.0038679135031998158
0.001201897393912077 0.0038758458103984594
0.0007907785475254059 0.0038724481128156185
0.00022467257804237306 0.0038520696107298136
0.0005334891611710191 0.0038354939315468073
0.00012327416334301233 0.0038523159455507994
0.00033219618489965796 0.003830166533589363
-9.651117579778656e-05 0.0038018214982002974
-0.0003299732634332031 0.00379882357083261
-0.00025190802989527583 0.0037970682606101036
-0.0009916792623698711 0.003777352161705494
-0.0015544481575489044 0.003762400709092617
-0.0011574700474739075 0.0037410720251500607
-0.0013982061063870788 0.003720837878063321
-0.0014998163096606731 0.003721631830558181
-0.0009951189858838916 0.003714905120432377
-0.0009878346463665366 0.003714042715728283
-0.0006354457000270486 0.0037190737202763557
-0.0006358879618346691 0.0037369742058217525
-0.0009339607204310596 0.003728957613930106
-0.0006388595793396235 0.0037330014165490866
0.0001838071912061423 0.0037162743974477053
-0.00038430452696047723 0.003703244961798191
-0.00010408259549876675 0.0037196436896920204
0.00013054593000561 0.0037075593136250973
0.0001641266862861812 0.003714715363457799
0.00031610787846148014 0.003698242362588644
0.0009033613605424762 0.0036938467528671026
0.000609397713560611 0.003693490521982312
0.00084757583681494 0.0036943170707672834
0.0012039903085678816 0.00371557823382318
0.0011258793529123068 0.0037033301778137684
0.0009640950593166053 0.0037114969454705715
0.0008535826345905662 0.0036833505146205425
0.0009425372700206935 0.00368711119517684
0.0008734110742807388 0.003675600280985236
0.0009656748734414577 0.0036690968554466963
0.0010271536884829402 0.0036554180551320314
0.0004101623489987105 0.003637001384049654
0.0008609175565652549 0.0036344886757433414
0.0009120862814597785 0.003633404616266489
0.001495847711339593 0.003628248581662774
0.0014457808574661613 0.0036205179058015347
0.0018944377079606056 0.0036254844162613153
0.0019638186786323786 0.0036195002030581236
0.0019139874493703246 0.0036216159351170063
0.0021618795581161976 0.00361795537173748
0.002761291339993477 0.0036403904668986797
0.002184219192713499 0.003629539394751191
0.002144870813935995 0.003618297167122364
0.0017016744241118431 0.003626943798735738
0.0021042488515377045 0.0036231637932360172
0.0018943523755297065 0.0036244692746549845
0.0023587397299706936 0.0036148892249912024
0.0017347063403576612 0.003592253662645817
0.0014950962504372 0.003590772394090891
0.001727720140479505 0.00360804982483387
0.0013166815042495728 0.003609440289437771
0.0017942109843716025 0.0035977065563201904
0.0020340760238468647 0.003584453370422125
0.0023253271356225014 0.003570748260244727
0.0026295341085642576 0.0035652390215545893
0.0024612913839519024 0.0035811348352581263
0.0023810628335922956 0.0035462304949760437
0.0024163457565009594 0.003533300943672657
0.0018462443258613348 0.0035424232482910156
0.0017295655561611056 0.0035370902623981237
0.0016222144477069378 0.0035322317853569984
0.0015765255084261298 0.003534205025061965
0.0015844518784433603 0.003518969053402543
0.0017583750886842608 0.0035165816079825163
0.0017206943593919277 0.003505854168906808
0.001643958268687129 0.00351321860216558
0.0014813104644417763 0.003508954541757703
0.0009220706997439265 0.0035061512608081102
0.0008667741785757244 0.0035198447294533253
0.0010782654862850904 0.003497655503451824
0.0009815979283303022 0.0034956466406583786
0.0010901880450546741 0.0034837080165743828
0.0009176104213111103 0.003502514911815524
0.000729159452021122 0.003504242980852723
0.0007169812452048063 0.0034853320103138685
0.00029460107907652855 0.003489552065730095
0.0007410442922264338 0.003489176742732525
0.0007525737746618688 0.0034807175397872925
0.0007320604054257274 0.003470410592854023
0.0006091253599151969 0.003455906407907605
0.0009986164513975382 0.003453777637332678
0.0008997725090011954 0.0034364117309451103
0.0009095709538087249 0.0034232137259095907
0.000906578847207129 0.0034202535171061754
0.0010480288183316588 0.0034009201917797327
0.0007977638160809875 0.0033937026746571064
0.0003535216092132032 0.003375257831066847
0.00043947980157099664 0.0033880923874676228
0.0005169258220121264 0.00339111452922225
0.001065266435034573 0.0033966093324124813
0.0009504548506811261 0.003385342424735427
0.0009997375309467316 0.0033744261600077152
0.0011252330150455236 0.0033576611895114183
0.0011302148923277855 0.0033552974928170443
0.001199949299916625 0.0033542998135089874
0.0012003220617771149 0.0033438829705119133
0.0014327074168249965 0.003338743932545185
0.001655462197959423 0.0033190196845680475
0.001172875752672553 0.003322488395497203
0.0011724784271791577 0.0033245182130485773
0.0008357606711797416 0.0033116955310106277
0.0009010284557007253 0.0033017133828252554
0.0010245346929877996 0.0032914187759160995
0.0015225352253764868 0.003292216220870614
0.0015342151746153831 0.0032850713469088078
0.001747943228110671 0.003292471170425415
0.0013177067739889026 0.0032903747633099556
0.0014045627322047949 0.0032787062227725983
0.001977323554456234 0.003267731051892042
0.0022379043512046337 0.0032584755681455135
0.0024074986577033997 0.003238690784201026
0.0027082636952400208 0.0032295305281877518
0.0025452706031501293 0.0032252008095383644
0.0024666585959494114 0.0032226410694420338
0.002218003151938319 0.003224222222343087
0.0019841324537992477 0.003212778363376856
0.0018681101500988007 0.003204061184078455
0.0017696742434054613 0.00318773090839386
0.0016444835346192122 0.0031819893047213554
0.0018430203199386597 0.003172687254846096
0.0015920402947813272 0.0031689179595559835
0.0013022058410570025 0.0031602871604263783
0.0014271879335865378 0.0031444975174963474
0.001240608631633222 0.0031362767331302166
0.0012769129825755954 0.003135921200737357
0.0012718867510557175 0.003128121607005596
0.001496665645390749 0.0031158337369561195
0.0015597408637404442 0.0031138916965574026
0.0018394123762845993 0.003110916120931506
0.0019122050143778324 0.0031074874568730593
0.0019135395996272564 0.003090040059760213
0.0018193053547292948 0.0030821727123111486
0.0017312392592430115 0.003078783629462123
0.0014279637252911925 0.0030569431837648153
0.0011708505917340517 0.0030567108187824488
0.0010307182092219591 0.0030481836292892694
0.0010309097124263644 0.0030385926365852356
0.001114325481466949 0.0030308254063129425
0.0006135116564109921 0.003032966982573271
0.00044664350571110845 0.0030352408066391945
0.00012546218931674957 0.003026933642104268
1.4685715541418176e-05 0.0030340442899614573
0.00028622287209145725 0.0030373847112059593
0.00028605907573364675 0.003035634756088257
0.0004772607353515923 0.003031198401004076
0.0005596433184109628 0.0030127298086881638
0.0008046659640967846 0.0030177789740264416
0.0005457933293655515 0.003014999208971858
0.0006962701445445418 0.0030174606945365667
0.0006463242461904883 0.0030147384386509657
0.0008268306264653802 0.0030257529579102993
0.0008226247737184167 0.0030140518210828304
0.0005200421437621117 0.0029996144585311413
0.0003152039716951549 0.0030084331519901752
0.0003584031655918807 0.0030018219258636236
0.0003463848843239248 0.002996450290083885
0.0006014957907609642 0.0029770168475806713
0.0005775970639660954 0.0029758831951767206
0.0006334102945402265 0.0029731877148151398
0.0006423034355975688 0.002958986209705472
0.0005976776592433453 0.0029535419307649136
0.0007853779825381935 0.0029392249416559935
0.0010037686442956328 0.0029339687898755074
0.001282375305891037 0.0029293252155184746
0.0012024363968521357 0.0029314777348190546
0.0015583999920636415 0.002922794548794627
0.0013478894252330065 0.002911586547270417
0.0014669261872768402 0.002901161788031459
0.0014595374232158065 0.002891342621296644
0.0014152841176837683 0.0028889195527881384
0.0013169439043849707 0.0028839111328125
0.0015368846943601966 0.002882142551243305
0.0013904701918363571 0.002861715853214264
0.0013525940012186766 0.0028565693646669388
0.001348332385532558 0.0028516375459730625
0.0010473572183400393 0.0028442780021578074
0.0009201585198752582 0.0028351552318781614
0.0008294063154608011 0.002825662260875106
0.000953658833168447 0.002825121395289898
0.0007813960546627641 0.0028109822887927294
0.0007379265734925866 0.0028050353284925222
0.0007531504379585385 0.0027982830069959164
0.0005905944271944463 0.002787131816148758
0.0006451376248151064 0.0027844260912388563
0.0006882661837153137 0.002777620917186141
0.000563058303669095 0.002772861858829856
0.0003871847875416279 0.0027659244369715452
0.00021667119290214032 0.0027528724167495966
0.0003426946932449937 0.002740922151133418
-2.6608779080561362e-05 0.0027229057159274817
-2.012820914387703e-05 0.0027101493906229734
4.9367197789251804e-05 0.002695044968277216
-0.0001298316492466256 0.002693521324545145
-0.0003094568382948637 0.0026909485459327698
-0.00036699482006952167 0.0026884868275374174
-0.0003313743509352207 0.002683907048776746
-0.00015376384544651955 0.0026761218905448914
7.155502680689096e-05 0.002676247153431177
-8.994636300485581e-05 0.002672838279977441
-6.304138514678925e-05 0.002661962527781725
3.721487473740126e-06 0.002655817661434412
0.00022852739493828267 0.0026495514903217554
8.52585508255288e-05 0.002643787767738104
-9.537814185023308e-05 0.002644925843924284
-7.832442497601733e-05 0.0026459216605871916
-0.00015505302872043103 0.0026505792047828436
4.5608576328959316e-05 0.0026432895101606846
0.00016661900735925883 0.002636039163917303
9.819865226745605e-05 0.0026348214596509933
0.0001113946782425046 0.0026316524017602205
0.00022069131955504417 0.002624812303110957
0.0003757185477297753 0.002616673242300749
0.0002793723251670599 0.002608401235193014
0.0002488844911567867 0.002611889038234949
0.00030000373953953385 0.0026035690680146217
0.0002596554986666888 0.0025983876548707485
0.00015697450726293027 0.0025941424537450075
1.4987735994509421e-05 0.002590616000816226
7.226873276522383e-05 0.0025828515645116568
-8.382834494113922e-06 0.002579436870291829
0.0002102170547004789 0.0025713827926665545
0.0002214275300502777 0.0025553011801093817
3.5887740523321554e-05 0.002553537953644991
-9.244595275959e-05 0.0025427041109651327
-0.00021763684344477952 0.0025396619457751513
-0.00022032874403521419 0.002533501712605357
-0.00011712433479260653 0.002530906116589904
-7.928855484351516e-05 0.002516518346965313
-3.082491457462311e-05 0.002500294242054224
-0.00010420642502140254 0.0024983154144138098
-1.7083502825698815e-05 0.0024892680812627077
0.00019181151583325118 0.0024806796573102474
0.00039259897312149405 0.0024726095143705606
0.00039666364318691194 0.0024585823994129896
0.0003715729108080268 0.002450589556246996
0.00046430062502622604 0.0024491329677402973
0.00033475164673291147 0.00243335566483438
0.00023917166981846094 0.0024211686104536057
0.0003142987843602896 0.0024218233302235603
0.00012260954827070236 0.002413815353065729
1.969135155377444e-05 0.0024129552766680717
-0.00010721424769144505 0.0023960135877132416
-0.0001694342790869996 0.0023931723553687334
-0.00016369692457374185 0.0023850277066230774
-6.0622078308369964e-05 0.002376871882006526
2.4440709239570424e-05 0.002364745829254389
-1.9862744011334144e-05 0.002347442088648677
-2.4993865736178122e-05 0.0023397058248519897
1.6189267626032233e-05 0.0023266002535820007
-8.734141010791063e-05 0.002315463265404105
-0.00017734788707457483 0.0023114222567528486
-7.632898632436991e-05 0.0022964824456721544
-0.00016570751904509962 0.0022872535046190023
3.481922249193303e-05 0.0022804569453001022
0.00024003363796509802 0.002258997643366456
7.419953908538446e-05 0.002251493977382779
0.0001367690128972754 0.0022448229137808084
0.00014405498222913593 0.0022391844540834427
0.0002582083980087191 0.002229059115052223
0.00032273284159600735 0.002216367283836007
0.0003534412826411426 0.002205861732363701
0.00035671336809173226 0.002196308458223939
0.0003693639300763607 0.0021876164246350527
0.0003959236782975495 0.0021787951700389385
0.00044829805847257376 0.002163548953831196
0.0005337285110726953 0.002157302340492606
0.0006561979535035789 0.0021437688264995813
0.0005586482584476471 0.0021307466086000204
0.000599728780798614 0.002119570504873991
0.0007647426682524383 0.0021056770347058773
0.000852538738399744 0.0021004818845540285
0.0009091635001823306 0.0020893029868602753
0.0009479151340201497 0.0020780982449650764
0.0008106096065603197 0.0020715880673378706
0.0009201450156979263 0.002062451560050249
0.0007589351153001189 0.002058287151157856
0.0007674032240174711 0.002049632603302598
0.0006021681474521756 0.0020453904289752245
0.0006585302762687206 0.002032993594184518
0.00056985835544765 0.0020258876029402018
0.0004028835683129728 0.0020122050773352385
0.000265156093519181 0.002011077245697379
0.00037233225884847343 0.001996282022446394
0.0004267467593308538 0.0019859171006828547
0.00027806905563920736 0.001973138190805912
0.0003002733865287155 0.001958586275577545
0.0003187071706634015 0.0019424925558269024
0.00020728183153551072 0.0019241775153204799
0.000260666711255908 0.0019122562371194363
0.00023324255016632378 0.0018990555545315146
0.00027481428696773946 0.001888142665848136
0.00032088678563013673 0.0018751873867586255
0.00032389990519732237 0.0018651053542271256
0.0002293595316587016 0.0018503374885767698
0.0002628356160130352 0.0018373330822214484
0.000390609260648489 0.0018284163670614362
0.0004612270276993513 0.0018135859863832593
0.0004903440712951124 0.0017958746757358313
0.000516435073222965 0.0017887972062453628
0.0007004749495536089 0.0017770703416317701
0.0007390262908302248 0.0017624531174078584
0.0007271989015862346 0.0017495988868176937
0.0007672731298953295 0.001735467929393053
0.0005702059133909643 0.0017184354364871979
0.0005251319380477071 0.0017000187654048204
0.0007005459046922624 0.0016841415781527758
0.0006181354401633143 0.001670072553679347
0.0005938616814091802 0.001653263345360756
0.0005629102233797312 0.001639323541894555
0.0005108641344122589 0.0016254190122708678
0.00046124454820528626 0.0016063533257693052
0.0005009909509681165 0.0015943446196615696
0.0004479014896787703 0.0015798811800777912
0.0005141448928043246 0.0015640745405107737
0.0005136288236826658 0.0015461762668564916
0.0005062831332907081 0.0015325075946748257
0.0004015698214061558 0.0015165125951170921
0.0004186382866464555 0.0014974192017689347
0.0004129023291170597 0.0014796879841014743
0.0003503825282678008 0.0014633744722232223
0.0003669541038107127 0.0014456827193498611
0.00022404897026717663 0.0014339325716719031
0.00018098519649356604 0.0014121585991233587
0.0001363168121315539 0.001391198136843741
0.0001372490223729983 0.00137177889700979
0.0001787142246030271 0.0013519604690372944
0.00014820366050116718 0.001332927611656487
0.0001721233711577952 0.0013128072023391724
0.000149843908729963 0.0012912030797451735
0.0001741947780828923 0.0012707532150670886
0.00019756559049710631 0.0012459666468203068
0.0002097919787047431 0.0012202061479911208
0.00015073586837388575 0.0011982740834355354
0.000172498170286417 0.001177427009679377
0.0002455454377923161 0.0011547163594514132
0.00029814132722094655 0.001130756107158959
0.00015796569641679525 0.0011073125060647726
0.00016911537386476994 0.001082690665498376
0.00013691926142200828 0.0010580301750451326
0.00017388454580213875 0.0010326879564672709
0.00020960273104719818 0.0010073698358610272
0.00023356836754828691 0.00098200305365026
0.00016738908016122878 0.0009558679303154349
0.00015455913671758026 0.000928248802665621
0.00013627225416712463 0.0008999617421068251
0.00013156028580851853 0.0008715257863514125
0.00013945938553661108 0.0008413732866756618
0.00017788085096981376 0.0008106848108582199
0.00016504255472682416 0.000778744462877512
0.00016929625417105854 0.000742306758183986
0.0001361098256893456 0.0007031161221675575
