0.17696194350719452 0.33897945284843445
-1.0865654945373535 0.2555118501186371
-0.46575868129730225 1.2322266101837158
-0.46602746844291687 1.2313121557235718
-0.4668676257133484 1.2285747528076172
-0.46915894746780396 1.220151424407959
-0.4865109324455261 1.167097568511963
-0.621342658996582 0.9023492932319641
-0.8222651481628418 0.5457561612129211
-0.7052979469299316 0.6276864409446716
-0.5573877096176147 0.472761332988739
-0.2788330316543579 0.4717429280281067
-0.2825765609741211 0.4568292498588562
-0.257088840007782 0.45990294218063354
-0.24908027052879333 0.4476704001426697
-0.22917523980140686 0.42482835054397583
-0.20517055690288544 0.38239216804504395
-0.1299598515033722 0.3350299596786499
-0.06400648504495621 0.30168941617012024
-0.013712344691157341 0.287004679441452
-0.0017308419337496161 0.27189862728118896
0.0049512735567986965 0.25643447041511536
0.0149998739361763 0.23637215793132782
0.033418357372283936 0.2182244211435318
-0.0013854827266186476 0.20396724343299866
0.016958516091108322 0.19273191690444946
0.0024057289119809866 0.18532080948352814
0.022375594824552536 0.17727433145046234
-0.005222679581493139 0.16913114488124847
0.05433052405714989 0.1608521044254303
-0.0557173416018486 0.15846721827983856
0.14123272895812988 0.1479908674955368
-0.21912279725074768 0.16027963161468506
0.31032654643058777 0.14784014225006104
-0.16332583129405975 0.1563967615365982
0.13968628644943237 0.1431255042552948
-0.08732231706380844 0.14337235689163208
0.12646794319152832 0.1324731409549713
-0.11815591901540756 0.13731065392494202
0.1711246222257614 0.12829217314720154
-0.1703055202960968 0.13419854640960693
0.21201658248901367 0.12403027713298798
-0.1600085198879242 0.1283959150314331
0.15674425661563873 0.1188374012708664
-0.11546605080366135 0.11962997168302536
0.1398705542087555 0.11065135896205902
-0.1339147686958313 0.1136983260512352
0.16224384307861328 0.10631145536899567
-0.1677190661430359 0.11150314658880234
0.19015172123908997 0.10496266186237335
-0.15009623765945435 0.10910296440124512
0.12993060052394867 0.10157639533281326
-0.1331695020198822 0.10329291224479675
0.17100739479064941 0.09751370549201965
-0.16114720702171326 0.10198475420475006
0.17133432626724243 0.09540149569511414
-0.160738006234169 0.09902191162109375
0.15474651753902435 0.09253565222024918
-0.1337052285671234 0.09478691965341568
0.1466827392578125 0.08894912898540497
-0.15205705165863037 0.09147245436906815
0.17860881984233856 0.08754400163888931
-0.1620088815689087 0.09072430431842804
0.16138288378715515 0.08610273152589798
-0.1486891806125641 0.08949301391839981
0.14502310752868652 0.08470457047224045
-0.1566900610923767 0.08458452671766281
0.1706509292125702 0.08161801844835281
-0.1597239226102829 0.08336878567934036
0.17242209613323212 0.07945720851421356
-0.16661852598190308 0.08216721564531326
0.14740829169750214 0.0787123441696167
-0.12106512486934662 0.07816132158041
0.12502938508987427 0.07462705671787262
-0.12921765446662903 0.07475782930850983
0.14992940425872803 0.07208297401666641
-0.179696723818779 0.07358124852180481
0.17929069697856903 0.07266972213983536
-0.15076763927936554 0.07189079374074936
0.14389464259147644 0.07015068829059601
-0.1352580189704895 0.06886555254459381
0.16340471804141998 0.06817527115345001
-0.16680702567100525 0.06963212043046951
0.17421838641166687 0.06687568128108978
-0.15728941559791565 0.06871187686920166
0.1594749391078949 0.06682902574539185
-0.15484505891799927 0.06785622239112854
0.1293397843837738 0.06516068428754807
-0.12696345150470734 0.0641212910413742
0.15046870708465576 0.06269709020853043
-0.16760025918483734 0.06491412222385406
0.14585396647453308 0.06282366812229156
-0.1492023915052414 0.06175483763217926
0.169630765914917 0.06146525219082832
-0.1527625024318695 0.06209332495927811
0.1470566838979721 0.060092274099588394
-0.14975039660930634 0.060638587921857834
0.1552572399377823 0.058110419660806656
-0.15735593438148499 0.06041151285171509
0.17506220936775208 0.05950939282774925
-0.15731778740882874 0.058812689036130905
0.15107758343219757 0.058462027460336685
-0.144492506980896 0.057748567312955856
0.16469143331050873 0.058678317815065384
-0.1691654920578003 0.05904742702841759
0.13933584094047546 0.056306276470422745
-0.13358238339424133 0.05672881379723549
0.1369258016347885 0.05364687740802765
-0.1481315791606903 0.05672753229737282
0.154354065656662 0.05482281371951103
-0.16426807641983032 0.05578751116991043
0.17068223655223846 0.05348040536046028
-0.15519240498542786 0.056278809905052185
0.1438930630683899 0.05236562713980675
-0.133504256606102 0.05321415886282921
0.14164727926254272 0.05192969739437103
-0.15957237780094147 0.05421677604317665
0.16079846024513245 0.05193236470222473
-0.157138392329216 0.0533662810921669
0.13489648699760437 0.049787070602178574
-0.1459190547466278 0.050723329186439514
0.15069684386253357 0.04909053444862366
-0.15766195952892303 0.05038135126233101
0.1626288741827011 0.0482744537293911
-0.17625384032726288 0.05157696083188057
0.15593993663787842 0.04813665151596069
-0.14314158260822296 0.04987714812159538
0.15548858046531677 0.04697338864207268
-0.15107375383377075 0.04980811849236488
0.14757399260997772 0.04595329239964485
-0.16594961285591125 0.0486997589468956
0.1711241602897644 0.0469549298286438
-0.15591245889663696 0.04804437607526779
0.14550665020942688 0.04570100083947182
-0.1569831669330597 0.0466894656419754
0.17269133031368256 0.047149043530225754
-0.15502355992794037 0.04557201266288757
0.16189077496528625 0.04459521919488907
-0.1629343330860138 0.04629860073328018
0.14906682074069977 0.04571986570954323
-0.15902355313301086 0.044737011194229126
0.163850337266922 0.04498376324772835
-0.15791049599647522 0.045668430626392365
0.17372149229049683 0.04402574524283409
-0.15321961045265198 0.045887190848588943
0.1410331428050995 0.04260966554284096
-0.15063512325286865 0.043439771980047226
0.14883847534656525 0.04156278818845749
-0.1568361073732376 0.04338005557656288
0.15778271853923798 0.04156561568379402
-0.16061167418956757 0.042957354336977005
0.15548549592494965 0.04088462516665459
-0.1526893675327301 0.04234738647937775
0.1659983992576599 0.040969450026750565
-0.16588222980499268 0.04300500452518463
0.155683696269989 0.04024520516395569
-0.14609582722187042 0.041107967495918274
0.15920791029930115 0.04064740240573883
-0.15212370455265045 0.0422343984246254
0.14346887171268463 0.04027102142572403
-0.15981577336788177 0.040976446121931076
0.1656469702720642 0.0409792996942997
-0.15384414792060852 0.04040663316845894
0.15258604288101196 0.03884248435497284
-0.1471514105796814 0.03866967558860779
0.1636447161436081 0.03808813914656639
-0.15794581174850464 0.03851095959544182
0.16274254024028778 0.03896396979689598
-0.15045665204524994 0.040116921067237854
0.13559310138225555 0.03677258640527725
-0.15308737754821777 0.037782542407512665
0.16317132115364075 0.03702482581138611
-0.1465262919664383 0.035409197211265564
0.15471617877483368 0.03619873896241188
-0.16283786296844482 0.03665042296051979
0.14507535099983215 0.03549574688076973
-0.15171872079372406 0.034837834537029266
0.1580241471529007 0.036423422396183014
-0.16527748107910156 0.035823144018650055
0.15306195616722107 0.03632311150431633
-0.1526530385017395 0.033928439021110535
0.171009823679924 0.03721277043223381
-0.14053402841091156 0.03508932515978813
0.1568746566772461 0.035374414175748825
-0.16283558309078217 0.03551299497485161
0.1450963318347931 0.034670714288949966
-0.14677655696868896 0.033800628036260605
0.14840583503246307 0.03308751806616783
-0.14652225375175476 0.032619670033454895
0.1500149816274643 0.031140724197030067
-0.17215374112129211 0.03393792361021042
0.1372469663619995 0.030768761411309242
-0.13906705379486084 0.031083684414625168
0.16535112261772156 0.032206941395998
-0.14576515555381775 0.03285688906908035
0.14285320043563843 0.03129736706614494
-0.15131762623786926 0.0327569954097271
0.13208365440368652 0.030918849632143974
-0.15195655822753906 0.03393610194325447
0.14390993118286133 0.029974941164255142
-0.15371930599212646 0.03265741840004921
0.1360166072845459 0.030955957248806953
-0.14157764613628387 0.030649932101368904
0.15682289004325867 0.03169098123908043
-0.13325367867946625 0.02946930192410946
0.1330910325050354 0.029325062409043312
-0.14305171370506287 0.030788155272603035
0.13996154069900513 0.030560621991753578
-0.13572566211223602 0.03003275953233242
0.12565305829048157 0.029400300234556198
-0.12685340642929077 0.03256746381521225
0.11034274101257324 0.029386727139353752
-0.15002743899822235 0.0334760919213295
0.10355617851018906 0.0274072103202343
-0.1363365650177002 0.028618039563298225
0.12873530387878418 0.02713160403072834
-0.14906901121139526 0.027359023690223694
0.14828304946422577 0.026813866570591927
-0.14475899934768677 0.02526940032839775
0.14187520742416382 0.026415744796395302
-0.12979872524738312 0.025747030973434448
0.1328359693288803 0.028238072991371155
-0.1310354620218277 0.026870017871260643
0.1310114711523056 0.028480861335992813
-0.12278344482183456 0.02520834095776081
0.1355440318584442 0.0247709471732378
-0.14663518965244293 0.02575021982192993
0.12373960018157959 0.02426254004240036
-0.1313038319349289 0.025697972625494003
0.12703876197338104 0.026712656021118164
-0.1288454234600067 0.028363877907395363
0.11195775121450424 0.024106424301862717
-0.13577638566493988 0.02828945219516754
0.10065212845802307 0.02304420992732048
-0.12909136712551117 0.023352855816483498
0.12221740186214447 0.024770662188529968
-0.1285170018672943 0.024473071098327637
0.11203503608703613 0.02384856529533863
-0.11975336074829102 0.0271237101405859
0.10251748561859131 0.020904982462525368
-0.12225993722677231 0.02297990582883358
0.12263466417789459 0.02364816889166832
-0.11130388081073761 0.022042565047740936
0.11461672186851501 0.021107859909534454
-0.1105024665594101 0.022124765440821648
0.10700628161430359 0.022213289514183998
-0.10517700761556625 0.022693553939461708
0.09431584179401398 0.024710731580853462
-0.09047995507717133 0.02367285266518593
0.09072618186473846 0.020710421726107597
-0.09872095286846161 0.023538153618574142
0.09134253114461899 0.02156662940979004
-0.08273269236087799 0.02428467571735382
0.08319952338933945 0.023301783949136734
-0.08731397241353989 0.024426152929663658
0.06816695630550385 0.022697968408465385
-0.07838687300682068 0.025006428360939026
0.06399136781692505 0.019290689378976822
-0.07869420945644379 0.022460581734776497
0.070709727704525 0.021421970799565315
-0.07167929410934448 0.020563626661896706
0.06285138428211212 0.019794853404164314
-0.07085233181715012 0.022407574579119682
0.048148706555366516 0.020954005420207977
-0.04747914895415306 0.02075953222811222
0.040057048201560974 0.02223110757768154
-0.03916558623313904 0.0227173063904047
0.03716375678777695 0.021551888436079025
-0.03894489258527756 0.01985754631459713
0.03574683889746666 0.023157665506005287
-0.039198651909828186 0.019707147032022476
0.04482144117355347 0.020639071241021156
-0.04215262830257416 0.022996170446276665
0.03967130184173584 0.022116458043456078
-0.039852648973464966 0.015406026504933834
0.05451594293117523 0.016369393095374107
-0.059830352663993835 0.01813257671892643
0.05433730036020279 0.015842296183109283
-0.06223079189658165 0.017929568886756897
0.05420301482081413 0.01594104990363121
-0.05587382614612579 0.017481748014688492
0.04354318231344223 0.016132613644003868
-0.05008785054087639 0.0170601699501276
0.04239032790064812 0.014946263283491135
-0.04840319603681564 0.01680523343384266
0.05045146495103836 0.01580742932856083
-0.050069596618413925 0.01564553752541542
0.047373734414577484 0.01458229310810566
-0.03967754542827606 0.013875976204872131
0.04469073936343193 0.012845504097640514
-0.0384218730032444 0.014372086152434349
0.040734097361564636 0.013213276863098145
-0.038365475833415985 0.01369596179574728
0.037373825907707214 0.01263334695249796
-0.03459937870502472 0.012920953333377838
0.026822414249181747 0.014018089510500431
-0.021066948771476746 0.012373865582048893
0.0274463202804327 0.01179356500506401
-0.025368038564920425 0.013129652477800846
0.030021827667951584 0.013456710614264011
-0.023679664358496666 0.011334906332194805
0.02086634933948517 0.011907637119293213
-0.01781451515853405 0.013300077989697456
0.02216651849448681 0.013015052303671837
-0.014626465737819672 0.011954977177083492
0.011774810031056404 0.011193588376045227
-0.010425536893308163 0.011444929987192154
0.010292250663042068 0.011301330290734768
-0.006111219525337219 0.011722843162715435
0.008233587257564068 0.010476815514266491
-0.0061531998217105865 0.010038211941719055
0.01029728353023529 0.011076638475060463
-0.008392108604311943 0.011441489681601524
0.014761455357074738 0.00960834976285696
-0.009098517708480358 0.009875986725091934
0.013144920580089092 0.010261798277497292
-0.010999979451298714 0.010159111581742764
0.01962878927588463 0.009480958804488182
-0.015870660543441772 0.009763591922819614
0.01766698621213436 0.009718368761241436
-0.0068784477189183235 0.009972449392080307
0.007731649558991194 0.009317315183579922
-0.00936862826347351 0.009028746746480465
0.011402145028114319 0.00848795659840107
-0.006320028565824032 0.009031401015818119
0.0031517096795141697 0.009116094559431076
-0.009354923851788044 0.010518524795770645
0.008857128210365772 0.008840655907988548
-0.005326908081769943 0.008525840938091278
0.0045573050156235695 0.008926210924983025
-0.002574420068413019 0.009522839449346066
0.005192199721932411 0.00802326388657093
-0.00657027680426836 0.007630284409970045
0.005390728823840618 0.007907561026513577
-0.0018042068695649505 0.008268536068499088
0.002524116775020957 0.008159558288753033
0.0012990920804440975 0.00800840463489294
0.002053963951766491 0.007628058083355427
0.00023919127124827355 0.00823710672557354
0.0036306059919297695 0.007878262549638748
-0.005606507416814566 0.006967047695070505
0.003695406951010227 0.0073919580318033695
-0.0005210501840338111 0.007453449536114931
0.001792711904272437 0.007197824772447348
0.002002342138439417 0.0070768860168755054
-0.0024185609072446823 0.007274865172803402
-0.0025829258374869823 0.006719566881656647
0.0019215010106563568 0.00679018534719944
-0.004900391213595867 0.006947085727006197
0.005727748852223158 0.0072320993058383465
0.0014274760615080595 0.007038898766040802
0.005181852728128433 0.0066044689156115055
-0.002166518708691001 0.007036910392343998
0.003618962597101927 0.006502833217382431
-0.0006031931261532009 0.006680772174149752
0.0011676305439323187 0.006498623173683882
0.0016622974071651697 0.006618296727538109
0.0001541332749184221 0.006664878223091364
-0.00370679865591228 0.007194651756435633
0.0032289549708366394 0.007127980701625347
0.0003770746698137373 0.0064969779923558235
-0.00033555738627910614 0.006197974551469088
-0.0027119722217321396 0.006036282051354647
0.0008686005021445453 0.006175433751195669
-0.0004629739560186863 0.006004618015140295
-0.0007663484429940581 0.00628588767722249
0.00039994888356886804 0.005929530598223209
-0.001143252826295793 0.0058046062476933
0.0013100665528327227 0.0059625860303640366
0.004608800169080496 0.005660105496644974
4.777382127940655e-05 0.005701425019651651
0.001031643943861127 0.005715260747820139
0.0003194512682966888 0.005528298672288656
0.0029160312842577696 0.005395696498453617
0.0007433557184413075 0.005511848255991936
0.001451478572562337 0.005374505650252104
0.00410172063857317 0.005564264487475157
0.003380879294127226 0.0058878278359770775
0.0015826638555154204 0.005990132223814726
0.0034607634879648685 0.005981933791190386
0.0038265842013061047 0.005506423767656088
0.0016056637978181243 0.005628775339573622
-0.0006752171320840716 0.005532937124371529
0.0002709186519496143 0.005322678945958614
0.0032045142725110054 0.005026592407375574
-0.0024114749394357204 0.005148397758603096
-0.00017521236441098154 0.004983464255928993
-0.00013772150850854814 0.0048748040571808815
0.000680837663821876 0.004919948056340218
0.00127762695774436 0.005037827417254448
-0.00013161110109649599 0.004960272926837206
-0.001900844625197351 0.004793161526322365
-0.0006001020665280521 0.0047151860781013966
0.0010634824866428971 0.004763144534081221
-0.0013938737101852894 0.004794461652636528
-0.0015904883621260524 0.004903929308056831
-0.0001309447397943586 0.004830022808164358
0.0004757065325975418 0.004507369361817837
-0.002212442457675934 0.004519224166870117
-6.973247218411416e-05 0.0045004719868302345
0.0006381243001669645 0.0045478614047169685
-0.0017761675408110023 0.004524690564721823
-0.0005203119362704456 0.004527618642896414
0.00029640505090355873 0.004473108798265457
-0.00022254520445130765 0.004444351885467768
0.0020407764241099358 0.004380159080028534
0.00278324238024652 0.004320064093917608
0.004279586020857096 0.004290361888706684
0.002686867257580161 0.004270521458238363
0.0007677024113945663 0.004270351957529783
0.0024931826628744602 0.004268230404704809
0.001037325244396925 0.004190998151898384
-0.0019985358230769634 0.004166294354945421
-0.0011295148869976401 0.004215437453240156
-0.001546447048895061 0.004232778213918209
-3.815939180640271e-06 0.00421544723212719
0.0005992941441945732 0.004228889476507902
-0.0008704303181730211 0.004202768672257662
-0.0017524524591863155 0.004142650868743658
-0.0037227878347039223 0.004158316180109978
-0.0005985185271129012 0.004055863246321678
-0.0014652088284492493 0.004057166166603565
-0.00030374358175322413 0.003982521127909422
0.001811924739740789 0.003939679823815823
0.0007875974988564849 0.003828386776149273
0.00196732091717422 0.0037994273006916046
-0.0011968209873884916 0.0038027381524443626
-0.0011897070799022913 0.0038693654350936413
0.0008267288794741035 0.0038085768464952707
0.0008794364403001964 0.0038382390048354864
0.0020985943265259266 0.0037599888164550066
0.0007890998385846615 0.0037428492214530706
7.98973924247548e-05 0.003694155951961875
-0.001039150170981884 0.0036925601307302713
-0.0010846866061910987 0.0036845742724835873
-0.00017105478036683053 0.0036723739467561245
-0.0010274654487147927 0.0036798748187720776
-0.0007027752581052482 0.0036035415250808
0.00030906739993952215 0.0036006702575832605
-0.0007720672874711454 0.003611133201047778
0.0022266958840191364 0.003576463321223855
0.0013778753345832229 0.003585191909223795
0.0017141447169706225 0.0036008059978485107
0.000320562394335866 0.003552734386175871
-0.00160690164193511 0.0035368765238672495
-0.0019013658165931702 0.0035305770579725504
-0.0010874882573261857 0.0035288208164274693
0.0009687769925221801 0.0034884773194789886
0.0003830394125543535 0.0034822330344468355
-0.0005735738668590784 0.003414974780753255
0.000945387757383287 0.003415522165596485
0.0022674170322716236 0.0033160632010549307
-0.0005154149839654565 0.0033407164737582207
-7.514648314099759e-05 0.0033095309045165777
0.0007591970497742295 0.003262315643951297
0.0005144357564859092 0.0032970078755170107
0.0009596380405128002 0.0032632076181471348
0.0017033601179718971 0.003268758300691843
0.0003276010393165052 0.003250861307606101
0.0022526406683027744 0.0032348798122256994
0.0023062468972057104 0.0031877399887889624
0.0002850967866834253 0.0031879120506346226
-0.000976676121354103 0.003210219321772456
-0.0018592940177768469 0.0032362521160393953
-0.0015893063973635435 0.0031701447442173958
-0.0021110023371875286 0.0031520305201411247
-0.0006979078752920032 0.003117108717560768
1.3793352991342545e-05 0.0031535609159618616
-0.0012540050083771348 0.003109327284619212
-0.0007356054848060012 0.0031103817746043205
0.00040103960782289505 0.003109622048214078
-0.0002003841509576887 0.003049722872674465
0.0014959428226575255 0.0030253336299210787
0.001423616660758853 0.0030427412129938602
0.0035190824419260025 0.003019746160134673
0.002385541796684265 0.002978002652525902
-0.0005393364699557424 0.0029356779996305704
0.0022786951158195734 0.0029454983305186033
0.0013624054845422506 0.0028804894536733627
0.0006093814736232162 0.0028906133957207203
0.0013253632932901382 0.002894973149523139
0.001924375887028873 0.002910913433879614
0.0014058112865313888 0.002821047557517886
0.0015104648191481829 0.002801528898999095
0.0005900789401493967 0.002818552777171135
-0.0012864500749856234 0.0027759948279708624
-0.0009038408170454204 0.0028025980573147535
0.0004146001301705837 0.0027822970878332853
0.0005885226419195533 0.00277147744782269
0.0008367520058527589 0.0026942365802824497
0.0009185102535411716 0.0026911490131169558
0.001253949012607336 0.0027070404030382633
0.001977075356990099 0.002667658030986786
0.001762365223839879 0.0026948009617626667
0.0018143700435757637 0.002629391150549054
0.0020155920647084713 0.002633071970194578
0.0013580417726188898 0.0026465309783816338
0.0008829698199406266 0.0026085220742970705
0.002077523386105895 0.0026085474528372288
0.00199481681920588 0.0026085530407726765
0.0010665906593203545 0.0025980717036873102
0.0006740964017808437 0.0025778107810765505
0.0011210525408387184 0.002595071215182543
0.0014660113956779242 0.0025963815860450268
0.0014477925142273307 0.0025789476931095123
0.001663561793975532 0.0025396482087671757
-0.00031342575675807893 0.0025373937096446753
-0.001204626401886344 0.002500104485079646
-0.00035767917870543897 0.002491468098014593
-0.0008218150469474494 0.0024569854140281677
-0.0015213856240734458 0.002490528393536806
-0.0005610052030533552 0.0024573365226387978
0.00014785290113650262 0.0023972620256245136
0.0009204192319884896 0.002370604081079364
0.0014867137651890516 0.0023963600397109985
0.0011963027063757181 0.002397376811131835
0.001538360258564353 0.002391282469034195
0.0012837829999625683 0.0023621763102710247
0.00021895230747759342 0.002357998862862587
0.0004155222268309444 0.002344660460948944
0.000499291461892426 0.002325374400243163
0.00023292339756153524 0.002324635861441493
0.0003875691909343004 0.0022942102514207363
9.788720490178093e-05 0.0022576379124075174
0.00040425785118713975 0.0022467300295829773
0.0005345235113054514 0.0022244732826948166
-0.00025601463858038187 0.0022336954716593027
-9.315437637269497e-05 0.0022286202292889357
-0.000609062728472054 0.0022210138849914074
0.0003503767657093704 0.0022045376244932413
0.0004938601632602513 0.0021954430267214775
0.0011664052726700902 0.0021838746033608913
0.001918988535180688 0.0021637387108057737
0.0004337221325840801 0.0021275719627738
0.0007914903108030558 0.0021061250008642673
0.0008999702404253185 0.002134091919288039
0.00011136398825328797 0.002132970141246915
0.001197876874357462 0.0021523195318877697
0.0010808855295181274 0.002110075205564499
0.0007680710405111313 0.0020908373408019543
0.0005289177061058581 0.0020474030170589685
0.0002529050689190626 0.002069430658593774
0.00018365596770308912 0.002077135955914855
0.0002823852119036019 0.0020427110139280558
-0.00017842071247287095 0.002008569659665227
3.403984010219574e-05 0.002048152033239603
0.00033359750523231924 0.0020093934144824743
0.0005581302102655172 0.0020310033578425646
-0.00018441397696733475 0.002042449777945876
0.00013060937635600567 0.002032192889600992
0.0006798618705943227 0.002008593175560236
0.0005778631893917918 0.001976116793230176
0.0005429883603937924 0.0019903467036783695
0.0005375066539272666 0.0019816255662590265
0.0014982265420258045 0.0019582072272896767
0.0006407458567991853 0.001953993458300829
0.0013010231778025627 0.0019454623106867075
0.0005929206381551921 0.00195403303951025
0.0015054288087412715 0.0019528898410499096
0.0010131511371582747 0.0019044425571337342
0.0012160091428086162 0.001904059899970889
0.00160657474771142 0.0019047813257202506
0.0019568412099033594 0.0019007078371942043
0.0016257392708212137 0.0018973018741235137
0.001022976590320468 0.0018859072588384151
0.0009763784473761916 0.0019014038844034076
0.0004918816266581416 0.0018660230562090874
0.0010805079946294427 0.0018756733043119311
0.0011658015428110957 0.0018629211699590087
0.0012556652072817087 0.0018633119761943817
0.0021994251292198896 0.0018616373417899013
0.0019122036173939705 0.0018611479317769408
0.0017877541249617934 0.0018307975260540843
0.0013608799781650305 0.0018428399926051497
0.0009764167480170727 0.0018284845864400268
0.00108529650606215 0.0018344748532399535
0.0008896562503650784 0.001832792186178267
0.0004973012837581336 0.001838167430832982
0.00030125732882879674 0.0018235133029520512
-0.0003337389207445085 0.0018463776214048266
0.00043747140443883836 0.0018176265293732285
0.0005617311107926071 0.0018142315093427896
-0.00011947161692660302 0.0018323209369555116
-3.2779411412775517e-05 0.0017895307391881943
-0.00033435423392802477 0.0017816255567595363
8.665455970913172e-05 0.001765557681210339
-5.914604844292626e-05 0.001755938515998423
-0.000575230282265693 0.0017281260807067156
-0.0005508080939762294 0.00172043323982507
-0.0006011137156747282 0.0017352905124425888
-0.0010301312431693077 0.0017344981897622347
-4.094369796803221e-05 0.001721759676001966
0.00016220143879763782 0.0016989060677587986
0.0007749068317934871 0.0016967749688774347
0.0005808938294649124 0.0016909536207094789
0.00017426021804567426 0.001679869252257049
0.0004653374198824167 0.0016450323164463043
0.0004450924461707473 0.0016425785142928362
0.00034151176805607975 0.0016269495245069265
-5.855968265677802e-05 0.0016045555239543319
-0.00019631971372291446 0.0016273870132863522
-0.00017354084411635995 0.0016333259409293532
0.0002767223631963134 0.001607720274478197
0.0001798632729332894 0.0015922293532639742
0.000663542072288692 0.0015970574459061027
0.001163457753136754 0.0015905719483271241
0.0014536271337419748 0.0015918349381536245
0.0016462970525026321 0.001577915856614709
0.0008450279710814357 0.0015816513914614916
0.0006944728083908558 0.00158678216394037
0.0006817012326791883 0.001568448613397777
0.000634459313005209 0.0015727414283901453
0.0006376848323270679 0.0015630994457751513
0.0009537606383673847 0.0015635148156434298
0.0006485894555225968 0.0015581641346216202
9.528396185487509e-05 0.0015545589849352837
0.0006002308800816536 0.0015656681498512626
0.0005828303401358426 0.0015768796438351274
0.0004288796044420451 0.0015570708783343434
-0.00010071590077131987 0.0015596126904711127
0.0005599339492619038 0.0015592762501910329
0.00010237639071419835 0.0015594424912706017
0.00030707201221957803 0.0015703488606959581
0.0006415675743483007 0.0015714979963377118
0.0007587356376461685 0.0015523822512477636
-4.124113911530003e-05 0.0015437615802511573
-0.00039293637382797897 0.0015117822913452983
-0.0003562890342436731 0.0015021258732303977
4.593135599861853e-05 0.001511343172751367
-0.0001328487414866686 0.0015123373595997691
-0.0002065417793346569 0.001506479806266725
-0.0002632162068039179 0.001480304286815226
-1.5405163139803335e-05 0.0014734603464603424
0.00016169522132258862 0.0014654295518994331
-4.0367867768509313e-05 0.0014550539199262857
-0.0001331877865595743 0.001446745009161532
-0.0002709717664401978 0.0014432170428335667
-0.00011368371633579955 0.0014433765318244696
0.000366126507287845 0.0014392221346497536
0.0009097621659748256 0.001437788363546133
0.0007795001147314906 0.0014496918302029371
0.0005712600541301072 0.001455536112189293
0.0006516851717606187 0.0014410762814804912
0.0007146907737478614 0.0014475492062047124
0.0003240883816033602 0.0014379131607711315
-0.00022507001995109022 0.001443555811420083
-0.00014066095172893256 0.0014407276175916195
0.00027747638523578644 0.0014282846823334694
8.201083255698904e-05 0.0014114626683294773
0.00023607956245541573 0.001417316379956901
5.130384670337662e-05 0.0014204842736944556
0.00015488645294681191 0.0014136912068352103
0.000707513652741909 0.0013945713872089982
0.000137378039653413 0.0013863124186173081
-0.0002186272613471374 0.0013795992126688361
-0.00026545944274403155 0.0013724099844694138
-0.0006529367528855801 0.001375745632685721
-0.0003091611433774233 0.0013798049185425043
0.00048422845429740846 0.0013823675690218806
0.0003595556481741369 0.0013977271737530828
0.0002715841110330075 0.001402541995048523
-0.00015265040565282106 0.0013897584285587072
-9.039264841703698e-05 0.001383765833452344
0.00016935865278355777 0.0013885621447116137
0.0008597908890806139 0.0013764896430075169
0.0007180061074905097 0.0013680268311873078
-0.0001720829459372908 0.0013609844027087092
-0.000537424290087074 0.001348989550024271
-0.00020275171846151352 0.0013419738970696926
-0.00036862929118797183 0.0013315036194399
0.0001478634076192975 0.0013267326867207885
0.0003050963277928531 0.0013338259886950254
0.00038119382224977016 0.0013171177124604583
0.0003843418962787837 0.0013145672855898738
0.0005376164335757494 0.001301161595620215
-4.681017526309006e-05 0.0013011896517127752
-0.00019126731785945594 0.0012839705450460315
-0.000344968109857291 0.0012906803749501705
-0.00020649118232540786 0.0012801316333934665
-0.0002542506845202297 0.0012705486733466387
-5.431504541775212e-05 0.0012692121090367436
7.904988888185471e-05 0.0012650766875594854
0.0001927608100231737 0.0012669448042288423
0.0005712463753297925 0.0012655655154958367
0.0008564157178625464 0.0012703429674729705
0.0006328909075818956 0.0012696563499048352
0.0005161081207916141 0.001252668327651918
0.0006147102685645223 0.0012637429172173142
0.0007694115629419684 0.001247094594873488
0.00036367541179060936 0.0012589730322360992
-0.0001576157519593835 0.001252681016921997
-8.942272688727826e-05 0.001243086066097021
-2.620525447127875e-05 0.001239900360815227
-0.00047671745414845645 0.0012358156964182854
-0.0007878464530222118 0.0012276966590434313
-0.0010587837314233184 0.0012209457345306873
-0.0010407743975520134 0.001202618470415473
-0.0011108801700174809 0.0012050062650814652
-0.0009761075489223003 0.0012107150396332145
-0.0006852494552731514 0.0012129525421187282
-0.000973548274487257 0.001205824431963265
-0.000996884424239397 0.001200511702336371
-0.0008843552204780281 0.0011969732586294413
-0.0007664442528039217 0.0011885202256962657
-0.0006144588114693761 0.0011847749119624496
-0.0005306154489517212 0.001181498053483665
-0.0005493273492902517 0.0011662801261991262
-0.0004303503083065152 0.001161683932878077
-0.0003301627584733069 0.001153975841589272
-9.575727744959295e-05 0.0011585523607209325
0.00023036640777718276 0.0011645843042060733
-0.00018235946481581777 0.0011568592162802815
-0.00019265612354502082 0.0011643830221146345
-8.830657316138968e-05 0.0011573969386518002
-0.0001969472214113921 0.001146042486652732
-0.00020256685093045235 0.0011350361164659262
5.214032717049122e-05 0.0011297097662463784
0.0006536697037518024 0.0011195394909009337
0.0004192647465970367 0.0011169534409418702
2.9080925742164254e-05 0.0011050454340875149
0.00036852952325716615 0.0011002278188243508
0.0004497127956710756 0.0011065872386097908
0.00048101204447448254 0.0010907066753134131
0.0005207123467698693 0.0010797342984005809
0.00038372608833014965 0.0010766428895294666
0.00013023984502069652 0.0010808606166392565
0.00012445016182027757 0.0010818089358508587
0.00025577208725735545 0.0010746417101472616
0.0001270621723961085 0.0010774123948067427
0.000348670466337353 0.0010797769064083695
0.0003312794433441013 0.0010742383310571313
0.0005622262833639979 0.0010784193873405457
0.0002790109138004482 0.0010717309778556228
0.0002962452999781817 0.0010740116704255342
0.0003083914052695036 0.001071827718988061
0.00020117439271416515 0.0010682899737730622
-5.543506995309144e-05 0.001058280235156417
-4.660696140490472e-05 0.0010500595672056079
-8.040513785090297e-05 0.0010398637969046831
-0.0002474476641509682 0.0010385123314335942
-4.92269964524894e-06 0.0010362999746575952
0.00010977513011312112 0.0010372028918936849
-0.00011769203410949558 0.0010343011235818267
-0.00014867189747747034 0.0010294201783835888
-0.00021545530762523413 0.0010337638668715954
-4.814144267584197e-05 0.001032415428198874
0.0002282194618601352 0.0010277952533215284
0.0004804277268704027 0.0010351532837375998
0.00024110297090373933 0.001033110893331468
0.0004015769809484482 0.0010331652592867613
0.0005935759982094169 0.0010303971357643604
0.0003983803035225719 0.0010174959897994995
0.0004030536802019924 0.0010127846617251635
0.0007775836857035756 0.0010183025151491165
0.0006006418261677027 0.0010137532372027636
0.0008617429411970079 0.0010121382074430585
0.0009386888705193996 0.0010014575673267245
0.001120266504585743 0.0010020944755524397
0.0011115934466943145 0.0009888078784570098
0.001331269508227706 0.000977986608631909
0.0009410009952262044 0.0009818043326959014
0.0010981799568980932 0.00098272948525846
0.00053774518892169 0.0009716629283502698
0.0003762645646929741 0.0009659194620326161
0.00042168505024164915 0.0009628020343370736
0.0005143128801137209 0.0009542138432152569
0.0003036824055016041 0.0009535773424431682
1.4963463399908505e-05 0.0009522943873889744
-0.0001637935492908582 0.0009454311802983284
-1.491047441959381e-06 0.0009413869702257216
5.233926458458882e-06 0.0009391218773089349
-0.00011860125232487917 0.0009379970142617822
-0.00012828357284888625 0.0009295096970163286
-0.000237842439673841 0.0009283333201892674
-0.00021219064365141094 0.0009095395798794925
-7.12578184902668e-07 0.0009041156154125929
0.00012629599950741976 0.0009061176679097116
-2.325718196516391e-05 0.0009025026811286807
7.92299397289753e-06 0.0009060053853318095
3.891787491738796e-05 0.0009037662530317903
0.00023310197866521776 0.0009037914569489658
0.00044297691783867776 0.0009009884670376778
0.00042156301788054407 0.0008978450787253678
0.0003297776565887034 0.0008922818233259022
0.0005845088744536042 0.0008877632208168507
0.000577323604375124 0.0008825225522741675
0.0004593415360432118 0.0008776687318459153
0.0004052372823935002 0.0008723872597329319
0.0005034913774579763 0.0008663061307743192
0.0008500119438394904 0.0008658787701278925
0.0008545303717255592 0.0008674233686178923
0.0007595882634632289 0.0008612064411863685
0.000791455153375864 0.0008664639899507165
0.0008941965643316507 0.0008641919703222811
0.0008656913414597511 0.0008636015700176358
0.0007374237175099552 0.0008624697220511734
0.00033402390545234084 0.0008618187275715172
0.00039595860289409757 0.0008533429354429245
0.00041242182487621903 0.0008550456259399652
0.00039804374682717025 0.0008535402012057602
0.00033805612474679947 0.0008420434314757586
0.00016472878633067012 0.0008335793972946703
0.0002704552316572517 0.0008372585871256888
0.00041903098463080823 0.0008415343472734094
0.00046843645395711064 0.0008354018209502101
0.0006789281032979488 0.0008315317681990564
0.0008268870296888053 0.0008362570079043508
0.0007634200155735016 0.0008325242670252919
0.0008010338060557842 0.0008216047426685691
0.0009666114347055554 0.0008107275934889913
0.0010101113002747297 0.000809905119240284
0.0008996919495984912 0.0008068581228144467
0.000800752080976963 0.00080445921048522
0.0008607303607277572 0.0008044059504754841
0.0007076245965436101 0.0007991129532456398
0.0006548051605932415 0.0007915092865005136
0.0006841388531029224 0.0007934763561934233
0.0006213806918822229 0.0007944389362819493
0.0006483322940766811 0.0007946091354824603
0.0005524784792214632 0.0007873922004364431
0.00035015243338420987 0.0007769737276248634
0.0003837482654489577 0.0007745843031443655
0.00034384801983833313 0.0007699172710999846
0.00022617097420152277 0.000763601390644908
0.0001863280776888132 0.0007628729217685759
0.0002479579416103661 0.0007560388767160475
0.0002736051974352449 0.0007535348413512111
-6.587095413124189e-05 0.0007534605683758855
-5.9329497162252665e-05 0.000753187108784914
0.0002334097371203825 0.0007493571029044688
0.0003965265932492912 0.0007424988434650004
0.00028375739930197597 0.000739217852242291
0.0003026296617463231 0.0007362647447735071
0.0002855218481272459 0.0007317985291592777
0.00014355759776663035 0.0007284056628122926
0.00020961204427294433 0.000725740916095674
0.00010212433699052781 0.0007224992150440812
-7.592908514197916e-05 0.0007198689272627234
-0.00022242427803575993 0.0007164088892750442
-0.00011943612480536103 0.0007162131951190531
1.798314042389393e-05 0.0007144189439713955
-0.00018473839736543596 0.0007114093168638647
-0.00010538555216044188 0.0007067525293678045
-0.00019580795196816325 0.0007050041458569467
-0.00020154876983724535 0.0007038520998321474
-0.00016612184117548168 0.0007021368946880102
-0.0002269613032694906 0.000701784563716501
-6.247882265597582e-05 0.0006952941184863448
-0.00033587528741918504 0.0006912571843713522
-0.0004716670955531299 0.0006857878179289401
-0.00042845256393775344 0.0006787929451093078
-0.0004619850660674274 0.0006755415233783424
-0.0005498070968315005 0.00066996063105762
-0.0006365079898387194 0.0006629354902543128
-0.00039147373172454536 0.0006616429309360683
-0.0004388560482766479 0.0006610589334741235
-0.00019727041944861412 0.0006540451431646943
-0.0003110181714873761 0.0006522960611619055
-0.0001958993379957974 0.0006450189393945038
-0.0001343981857644394 0.000641317805275321
-0.00026204745518043637 0.0006405194872058928
-9.456474799662828e-05 0.0006356007652357221
-0.0002804741670843214 0.0006370959454216063
-0.00045853591291233897 0.0006390908965840936
-0.0005073455395177007 0.0006365571171045303
-0.0006196213653311133 0.0006332310731522739
-0.000616303295828402 0.0006293251644819975
-0.0005809407448396087 0.0006225176039151847
-0.0006092852563597262 0.0006168234394863248
-0.0006914499681442976 0.0006111752591095865
-0.000557105231564492 0.000613709504250437
-0.000627018278464675 0.0006129911635071039
-0.0006722320686094463 0.000605044886469841
-0.0007983311079442501 0.0005976192187517881
-0.0006993337301537395 0.000588744122069329
-0.0008818788337521255 0.0005846051499247551
-0.000879558501765132 0.0005781626095995307
-0.0008651004172861576 0.0005754337180405855
-0.0005722373025491834 0.0005731883575208485
-0.00038730521919205785 0.0005729982513003051
-0.0004971960443072021 0.0005721627385355532
-0.00043945712968707085 0.0005681918119080365
-0.0004984505358152092 0.0005628677899949253
-0.0003351927734911442 0.0005566641339100897
-0.00035946955904364586 0.0005511784693226218
-0.00016478558245580643 0.0005488054011948407
-7.329222626140108e-06 0.0005448133451864123
-3.4160620998591185e-06 0.000541352666914463
-8.669793896842748e-05 0.0005408998695202172
5.554265226237476e-05 0.0005379208596423268
-1.845892984420061e-05 0.0005352192092686892
0.00013332176604308188 0.0005330370622687042
0.00013177539221942425 0.0005304828519001603
0.00039834785275161266 0.0005285381339490414
0.00033274985617026687 0.0005254540010355413
0.00024151767138391733 0.0005186600028537214
0.00027196656446903944 0.0005076222005300224
0.00036753248423337936 0.0005064983852207661
0.00024662865325808525 0.0005050713079981506
0.00010952369484584779 0.0005002757534384727
0.0002021346881520003 0.0027526922058314085
0.00018134654965251684 0.002730215433984995
0.00014951219782233238 0.00271256803534925
0.00015037888078950346 0.002686871215701103
0.00017277291044592857 0.002670497866347432
0.00020177234546281397 0.002648380119353533
8.407123095821589e-05 0.002634527860209346
0.00035744812339544296 0.0026144797448068857
0.0003025082405656576 0.0025903291534632444
0.00011870898015331477 0.0025741225108504295
0.00021330927847884595 0.0025638521183282137
0.0002898162347264588 0.0025531225837767124
0.0003307524020783603 0.002538590459153056
0.00032920780358836055 0.002523670671507716
0.00014027522411197424 0.0025057897437363863
2.8613412723643705e-05 0.0024980430025607347
-6.200691859703511e-05 0.002478289883583784
-9.392421634402126e-05 0.0024720330256968737
-8.418026845902205e-05 0.0024532040115445852
-8.683370833750814e-05 0.0024381636176258326
0.00010585036216070876 0.0024232943542301655
9.613884321879596e-05 0.0024094050750136375
-1.9006276488653384e-05 0.0023937609512358904
0.00011989094491582364 0.002381556201726198
0.0001810604298952967 0.002374608302488923
0.00024275807663798332 0.002359765814617276
0.0002608038776088506 0.0023454667534679174
0.00012259019422344863 0.0023250686936080456
7.016790186753497e-05 0.002314195269718766
0.0001028085098369047 0.0023003367241472006
0.00020128212054260075 0.0022805845364928246
0.0003085885546170175 0.0022672389168292284
0.00022997177438810468 0.0022543577942997217
0.0001574010238982737 0.002245645970106125
0.00016390197561122477 0.0022291725035756826
0.0003096378641203046 0.002212703227996826
0.0003318176604807377 0.002201267285272479
0.0003394995292183012 0.0021884781308472157
0.00039118726272135973 0.0021718707866966724
0.0005370668368414044 0.002160528441891074
0.0004786004719790071 0.0021550527308136225
0.000521819107234478 0.0021403077989816666
0.0005987026961520314 0.002124351914972067
0.0005675393040291965 0.0021085788030177355
0.0005417651846073568 0.0020960222464054823
0.0005762255750596523 0.0020797369070351124
0.0005691557889804244 0.0020633451640605927
0.0006508572259917855 0.0020431012380868196
0.00054194126278162 0.002029616851359606
0.000471823092084378 0.002017308957874775
0.0002834739862009883 0.001995200291275978
0.0002414282353129238 0.0019832956604659557
9.539880556985736e-05 0.001962593523785472
0.00011668240040307865 0.0019488214747980237
0.00017324418877251446 0.0019301273860037327
0.00016855790454428643 0.0019135260954499245
0.00018277316121384501 0.0018929886864498258
0.0002681809419300407 0.0018773075425997376
0.0002823737740982324 0.0018630704144015908
0.00020371514256112278 0.0018483245512470603
0.0002609763469081372 0.0018309621373191476
0.0003345366567373276 0.0018189956899732351
0.000347126682754606 0.0017991851782426238
0.0003425747563596815 0.001776952762156725
0.00033411430194973946 0.0017578118713572621
0.0003611072897911072 0.0017355440650135279
0.0003209103597328067 0.0017158616101369262
0.00033357739448547363 0.0016961874207481742
0.000323065381962806 0.001674964907579124
0.0002546028408687562 0.0016523994272574782
0.00020841810328420252 0.001629485166631639
0.00019446985970716923 0.0016058150213211775
9.895156836137176e-05 0.0015830162446945906
4.479100971366279e-05 0.0015630627749487758
7.820612154318951e-06 0.0015410460764542222
-1.1766969691962004e-06 0.0015173049177974463
9.826385939959437e-05 0.0014950752956792712
0.00011525220179464668 0.001466980087570846
0.00013279690756462514 0.0014416228514164686
0.00014326231030281633 0.0014192283852025867
0.00014094322978053242 0.0013927669497206807
0.0001224728621309623 0.0013673045905306935
0.00017247445066459477 0.00133938726503402
0.00018564447236713022 0.0013149259611964226
0.00013982935342937708 0.0012871965300291777
0.00013894602307118475 0.0012576696462929249
0.00011096754315076396 0.0012275574263185263
0.000111863759229891 0.0011976893292739987
4.652531788451597e-05 0.0011671462561935186
-6.151090019557159e-06 0.0011337035102769732
-1.2405944289639592e-05 0.0011008685687556863
-1.5710529623902403e-05 0.0010670702904462814
-2.793824387481436e-05 0.0010368614457547665
-4.8723959480412304e-06 0.0010035944869741797
2.2196279587660683e-06 0.0009700373047962785
-6.961151655104914e-08 0.0009345724247395992
-2.1309147086867597e-06 0.0008990598726086318
1.8280514268553816e-05 0.0008599566644988954
5.181610322324559e-05 0.0008209313382394612
2.5187706341966987e-05 0.0007783909677527845
