0.17070063948631287 0.4051622152328491
-1.073381781578064 0.29949843883514404
-0.4733983278274536 1.260265588760376
-0.4735961854457855 1.2569994926452637
-0.4742720127105713 1.2457860708236694
-0.4709373712539673 1.1995736360549927
-0.4043993353843689 1.0996613502502441
-0.2524627447128296 1.0455349683761597
-0.24285046756267548 1.0173053741455078
-0.2390112280845642 1.0128008127212524
-0.20781239867210388 1.0211719274520874
-0.15471196174621582 1.0403287410736084
-0.09228146076202393 1.0490033626556396
-0.031362541019916534 1.0420455932617188
0.0009084070916287601 1.0200281143188477
0.0010880015324801207 0.9946220517158508
0.0032066009007394314 0.9507275223731995
0.007738679647445679 0.9155197739601135
0.0048035080544650555 0.8891895413398743
0.0066074104979634285 0.8690919280052185
-0.005594721995294094 0.8418276906013489
0.013786552473902702 0.8140212893486023
-0.010755847208201885 0.8246486783027649
0.01050630398094654 0.7832569479942322
-0.015234235674142838 0.7930232286453247
0.039520263671875 0.731195330619812
-0.07461487501859665 0.7996959090232849
0.1310945451259613 0.6743122339248657
-0.1833730936050415 0.7998350858688354
0.19904524087905884 0.6664913296699524
-0.14387696981430054 0.7738579511642456
0.1094561219215393 0.7167863845825195
-0.09459158033132553 0.75953608751297
0.09658998250961304 0.7138355374336243
-0.10277199745178223 0.7355096936225891
0.10261305421590805 0.7073346972465515
-0.11993002891540527 0.7215018272399902
0.12570634484291077 0.7204111218452454
-0.12676602602005005 0.7076802253723145
0.09833566844463348 0.728564977645874
-0.09228821098804474 0.7026903033256531
0.06152839958667755 0.7305587530136108
-0.06940627098083496 0.6980148553848267
0.049491725862026215 0.7324042916297913
-0.05814364552497864 0.6699502468109131
0.05010015890002251 0.7412053346633911
-0.05484802648425102 0.6671520471572876
0.05101889371871948 0.7174897789955139
-0.07462824881076813 0.6712863445281982
0.08068281412124634 0.6920698881149292
-0.11809830367565155 0.6695883870124817
0.11240970343351364 0.6779133677482605
-0.12693557143211365 0.6888318657875061
0.1243034228682518 0.6565229296684265
-0.12833364307880402 0.7014006972312927
0.12340866774320602 0.6544637084007263
-0.12159037590026855 0.6967337727546692
0.10682842135429382 0.6725061535835266
-0.10065567493438721 0.6795252561569214
0.09391092509031296 0.6727544665336609
-0.12544241547584534 0.6617888808250427
0.12088918685913086 0.6540488600730896
-0.12169405072927475 0.6602914333343506
0.10172019898891449 0.6524755954742432
-0.12142523378133774 0.6708483695983887
0.09557436406612396 0.6510257124900818
-0.10599718987941742 0.6664620041847229
0.0942736491560936 0.6507668495178223
-0.09713229537010193 0.6596579551696777
0.0823751837015152 0.6561804413795471
-0.09911640733480453 0.6582287549972534
0.09580332040786743 0.6421850919723511
-0.10585728287696838 0.6496294736862183
0.09375592321157455 0.6395509243011475
-0.10423023998737335 0.6477763652801514
0.09174679964780807 0.6435511112213135
-0.0953856110572815 0.6468958258628845
0.09263663738965988 0.6375734806060791
-0.10910029709339142 0.6401390433311462
0.11193280667066574 0.6297909021377563
-0.1219642385840416 0.6471453309059143
0.110837921500206 0.6233705282211304
-0.1052897572517395 0.6420546770095825
0.09692202508449554 0.6341394782066345
-0.09979647397994995 0.636562705039978
0.08879685401916504 0.6297832727432251
-0.10223619639873505 0.6371551156044006
0.09557901322841644 0.616664707660675
-0.10156857967376709 0.6407703161239624
0.10868784785270691 0.6125712990760803
-0.11205266416072845 0.6299095749855042
0.10402160882949829 0.6087369918823242
-0.11099880933761597 0.6296060085296631
0.09655251353979111 0.6077831387519836
-0.10348285734653473 0.6324876546859741
0.09550052136182785 0.6056356430053711
-0.10234664380550385 0.6225413680076599
0.10352969169616699 0.6021459102630615
-0.10880985110998154 0.6190069317817688
0.10433810204267502 0.5922181606292725
-0.10518088936805725 0.6220998764038086
0.09367941319942474 0.5912308096885681
-0.11742545664310455 0.6196211576461792
0.10853146761655807 0.5897436738014221
-0.11136835813522339 0.6179584860801697
0.10639582574367523 0.5907273888587952
-0.09316185116767883 0.6030021905899048
0.0860738754272461 0.5981012582778931
-0.08465766906738281 0.6083992719650269
0.08799060434103012 0.5911122560501099
-0.09615909308195114 0.6006264090538025
0.09718237817287445 0.5787964463233948
-0.10787151753902435 0.5916410684585571
0.10064518451690674 0.5717858672142029
-0.11132781207561493 0.6018210053443909
0.09788686037063599 0.5722911357879639
-0.09114351123571396 0.5942456722259521
0.0906715989112854 0.5780280232429504
-0.08782108128070831 0.5932829976081848
0.08502697944641113 0.5648802518844604
-0.09878894686698914 0.5881143808364868
0.0991121381521225 0.5616466403007507
-0.10609161853790283 0.5767247676849365
0.09772779047489166 0.5651662349700928
-0.10908355563879013 0.5709670782089233
0.09898006170988083 0.5596208572387695
-0.10701372474431992 0.5800420641899109
0.08610279858112335 0.5579206347465515
-0.09021403640508652 0.5689687132835388
0.07958628237247467 0.563019871711731
-0.09732382744550705 0.5660819411277771
0.09335669130086899 0.5541889071464539
-0.10000143945217133 0.5675595998764038
0.09196656942367554 0.5422017574310303
-0.09007416665554047 0.5709369778633118
0.0799916461110115 0.5414154529571533
-0.07801061123609543 0.5660804510116577
0.09442176669836044 0.522905170917511
-0.08873554319143295 0.5601730346679688
0.09617114067077637 0.524838924407959
-0.09937556087970734 0.5550152659416199
0.0911678671836853 0.5297046303749084
-0.09267446398735046 0.5400816798210144
0.0840701088309288 0.5280572175979614
-0.08148052543401718 0.5447970628738403
0.07849661260843277 0.5353269577026367
-0.09433858841657639 0.5307068824768066
0.08664219081401825 0.5279200673103333
-0.0952090173959732 0.5273526906967163
0.08642810583114624 0.5239208340644836
-0.08885426819324493 0.5371280312538147
0.08421479165554047 0.5102768540382385
-0.09034943580627441 0.5416187047958374
0.08101683855056763 0.5101969242095947
-0.0882285088300705 0.5275011658668518
0.08975611627101898 0.5016362071037292
-0.08004520833492279 0.5273510217666626
0.08582049608230591 0.49642834067344666
-0.09311318397521973 0.5186464786529541
0.08525089919567108 0.4938647747039795
-0.08278906345367432 0.5194406509399414
0.07390516996383667 0.49038165807724
-0.0777350664138794 0.5154217481613159
0.08252804726362228 0.48805490136146545
-0.08721105754375458 0.5096442103385925
0.07823321223258972 0.4831750988960266
-0.08024130761623383 0.4999856650829315
0.07946304976940155 0.47887855768203735
-0.08874013274908066 0.49177441000938416
0.0903698056936264 0.4741978943347931
-0.08514010906219482 0.4787278175354004
0.09736333787441254 0.4687589406967163
-0.0984150767326355 0.4859270453453064
0.09347041696310043 0.4641788601875305
-0.10538214445114136 0.4749608635902405
0.09289650619029999 0.4567866623401642
-0.09710505604743958 0.4832228422164917
0.09162809699773788 0.45230594277381897
-0.08858427405357361 0.4756026566028595
0.08522241562604904 0.44341766834259033
-0.09215600788593292 0.4694667160511017
0.07279923558235168 0.4442446529865265
-0.08229601383209229 0.474703311920166
0.0785389244556427 0.4282491207122803
-0.08179916441440582 0.4665411710739136
0.08579706400632858 0.4290168583393097
-0.0805891901254654 0.4550575017929077
0.09202282130718231 0.43261948227882385
-0.08653303980827332 0.44583606719970703
0.08627327531576157 0.4283704161643982
-0.08383523672819138 0.4439252018928528
0.08511203527450562 0.4314345121383667
-0.08467645943164825 0.44306230545043945
0.07961568981409073 0.428244411945343
-0.0861973762512207 0.44089046120643616
0.07497362792491913 0.4288158714771271
-0.08173094689846039 0.43331390619277954
0.07375438511371613 0.4275628924369812
-0.07475050538778305 0.43158960342407227
0.07352153956890106 0.41644343733787537
-0.08088311553001404 0.42553776502609253
0.08201724290847778 0.40274760127067566
-0.08630701154470444 0.4250105321407318
0.0876983031630516 0.3964516222476959
-0.08610202372074127 0.41987794637680054
0.07859165966510773 0.40076956152915955
-0.06722216308116913 0.4186454713344574
0.07210962474346161 0.38584378361701965
-0.08253708481788635 0.4142187535762787
0.07759188115596771 0.3810936212539673
-0.07841906696557999 0.4054614007472992
0.07080157101154327 0.3834775686264038
-0.0708753913640976 0.40465521812438965
0.07115329802036285 0.37884441018104553
-0.07362531870603561 0.40481510758399963
0.061742864549160004 0.37168678641319275
-0.06401225924491882 0.38710883259773254
0.06315750628709793 0.3627280592918396
-0.07389684021472931 0.3758881986141205
0.07884356379508972 0.35232046246528625
-0.07331040501594543 0.3767124116420746
0.0744301825761795 0.3582208454608917
-0.06511325389146805 0.3710140883922577
0.06551964581012726 0.35538679361343384
-0.0746602788567543 0.3563770651817322
0.07581209391355515 0.3493824303150177
-0.07199288159608841 0.34902921319007874
0.06458309292793274 0.3548995852470398
-0.075238898396492 0.3509153127670288
0.06142866611480713 0.34392571449279785
-0.0763644203543663 0.34466123580932617
0.06886321306228638 0.3415147066116333
-0.07050909101963043 0.3508729040622711
0.061829738318920135 0.333996444940567
-0.06671494245529175 0.33968988060951233
0.06431056559085846 0.32874754071235657
-0.06735069304704666 0.3293624818325043
0.06340944766998291 0.3205566108226776
-0.0753595381975174 0.32418325543403625
0.0657707005739212 0.31549394130706787
-0.06455660611391068 0.3154733180999756
0.07098668813705444 0.3031153082847595
-0.07828986644744873 0.3106868267059326
0.05856652557849884 0.3047506511211395
-0.053474061191082 0.3102562427520752
0.060520242899656296 0.2874162197113037
-0.07487010955810547 0.2994244396686554
0.07208846509456635 0.283132940530777
-0.07653907686471939 0.29258373379707336
0.07698927819728851 0.27564167976379395
-0.0805821567773819 0.28554701805114746
0.07442726194858551 0.26709574460983276
-0.0668867751955986 0.27300214767456055
0.06835027039051056 0.2662183344364166
-0.0701497346162796 0.27049389481544495
0.06564681231975555 0.26644083857536316
-0.05974168702960014 0.2635050415992737
0.06398473680019379 0.2629457712173462
-0.06515170633792877 0.2665151059627533
0.05437152087688446 0.25987595319747925
-0.05885186791419983 0.26175862550735474
0.05455307289958 0.24767251312732697
-0.058841101825237274 0.2479390650987625
0.0497187003493309 0.249319925904274
-0.06346353143453598 0.2374294102191925
0.04466090723872185 0.24438132345676422
-0.061743419617414474 0.23402424156665802
0.044689297676086426 0.23180940747261047
-0.06030293554067612 0.22981369495391846
0.048525478690862656 0.224984809756279
-0.05277761444449425 0.2225046157836914
0.04907594248652458 0.21549558639526367
-0.05731585621833801 0.21278731524944305
0.05195280909538269 0.21172773838043213
-0.0592179112136364 0.20657217502593994
0.05091139301657677 0.2041032910346985
-0.05354606360197067 0.19749197363853455
0.03707514703273773 0.19873762130737305
-0.04117915779352188 0.19338290393352509
0.049089521169662476 0.18451862037181854
-0.05369938910007477 0.1895083636045456
0.04222443327307701 0.18699981272220612
-0.04249861091375351 0.18345077335834503
0.0426408126950264 0.17776374518871307
-0.0421675369143486 0.17697928845882416
0.03443680331110954 0.16628475487232208
-0.026806365698575974 0.1615390181541443
0.03693483769893646 0.15819422900676727
-0.038788869976997375 0.15627707540988922
0.036244697868824005 0.1537313312292099
-0.03317725658416748 0.153288334608078
0.028211768716573715 0.14909788966178894
-0.029755134135484695 0.14485210180282593
0.027799978852272034 0.14401552081108093
-0.026270337402820587 0.13888618350028992
0.029068902134895325 0.1331048160791397
-0.03440026193857193 0.13320806622505188
0.03447452932596207 0.1315380334854126
-0.030303623527288437 0.12700805068016052
0.0316513292491436 0.12805044651031494
-0.0337546169757843 0.1253046989440918
0.02697322890162468 0.12555792927742004
-0.03018920123577118 0.12382428348064423
0.028295040130615234 0.1255704015493393
-0.01843036338686943 0.11944763362407684
0.018848290666937828 0.1158766970038414
-0.017908751964569092 0.1145937442779541
0.020338498055934906 0.1144939586520195
-0.02150788903236389 0.10895467549562454
0.01426045410335064 0.10715588927268982
-0.018881674855947495 0.10419265925884247
0.017338842153549194 0.10376197099685669
-0.012298922054469585 0.10014788806438446
0.016289319843053818 0.09757950156927109
-0.015101595781743526 0.09610670804977417
0.014103870838880539 0.09676723182201385
-0.012892713770270348 0.09233655035495758
0.013225844129920006 0.09317080676555634
-0.020236019045114517 0.09185326099395752
0.019216589629650116 0.09006106853485107
-0.015552143566310406 0.08801782876253128
0.010877454653382301 0.08617141097784042
-0.011282759718596935 0.08489573746919632
0.011364523321390152 0.08210516721010208
-0.007950719445943832 0.0798284113407135
0.00898432545363903 0.07911261916160583
-0.010013249702751637 0.0762438178062439
0.011945858597755432 0.07410746067762375
-0.003946884535253048 0.07416758686304092
0.009958121925592422 0.0727948546409607
-0.006817534100264311 0.07112816721200943
0.009037746116518974 0.07016684859991074
-0.005901066120713949 0.06995388865470886
0.0055718375369906425 0.06751643866300583
-0.003757069818675518 0.06653451174497604
0.002490901155397296 0.06542963534593582
-0.0012101593893021345 0.06250432878732681
0.009432983584702015 0.060254767537117004
-0.00777610344812274 0.058873482048511505
0.0050259120762348175 0.05875635892152786
-0.008224330842494965 0.05722179263830185
0.008213725872337818 0.05696813017129898
-0.008695609867572784 0.05728985369205475
0.010302009992301464 0.05705278739333153
-0.005456159822642803 0.05459463968873024
0.006040800362825394 0.05401071533560753
-0.00812974851578474 0.051026999950408936
0.0044802515767514706 0.050759732723236084
-0.004170600790530443 0.049333635717630386
0.006271823775023222 0.049148689955472946
-0.00770708080381155 0.04824120178818703
0.0018272496527060866 0.0464116595685482
-0.002506998833268881 0.04536831006407738
0.003115016734227538 0.04426880180835724
-0.00219980301335454 0.043734434992074966
-0.0013772848760709167 0.044274311512708664
0.00016349679208360612 0.04281141236424446
0.002659959252923727 0.0419197641313076
-0.004229956306517124 0.0415748693048954
0.0003070285893045366 0.04004768654704094
-0.002345541026443243 0.040119320154190063
-0.0027761138044297695 0.03879939764738083
0.0024403012357652187 0.03843742981553078
0.00046302995178848505 0.03848474100232124
0.003204160835593939 0.03883463144302368
-0.0027078683488070965 0.038501959294080734
0.0033362852409482002 0.03815865516662598
-0.001079243840649724 0.03648415207862854
0.00036752241430804133 0.036101434379816055
0.0013360654702410102 0.03436702862381935
-0.0010245037265121937 0.0331944078207016
-0.0005237069563008845 0.03274375945329666
0.0022935555316507816 0.03173772618174553
-0.002006570342928171 0.03057621233165264
0.001936113927513361 0.02906986139714718
0.00247204746119678 0.02927110157907009
0.0016020077746361494 0.02954370155930519
0.0011571005452424288 0.029111849144101143
0.0012912934180349112 0.028357265517115593
0.0006721147801727057 0.02805219404399395
-0.001976354280486703 0.027779534459114075
0.0018182755447924137 0.026873990893363953
-0.0020207033958286047 0.026550820097327232
-0.0015699677169322968 0.026502085849642754
0.005354168824851513 0.025638964027166367
-0.0015482082962989807 0.025445373728871346
0.0018470792565494776 0.02516396902501583
0.0014616738772019744 0.025056544691324234
0.00177966698538512 0.02443777024745941
0.0014646485215052962 0.023738810792565346
0.0015341860707849264 0.022927330806851387
0.004852835088968277 0.022544948384165764
0.0008453067275695503 0.021966515108942986
0.0010705312015488744 0.0215727761387825
-0.0018789716996252537 0.021430812776088715
0.0012684621615335345 0.021256795153021812
-1.1237183571211062e-05 0.0205589197576046
0.00011293559509795159 0.020463041961193085
0.005241157487034798 0.019626811146736145
0.0008768528932705522 0.019623568281531334
0.00024414173094555736 0.01898215152323246
-0.00042579916771501303 0.019435297697782516
0.0016788252396509051 0.01890481449663639
0.0016123394016176462 0.0188042800873518
-0.000587106158491224 0.01843644306063652
0.0006771913031116128 0.017754150554537773
0.004862544126808643 0.01756502501666546
0.0029521058313548565 0.017221631482243538
-0.0002757266047410667 0.016789931803941727
-0.0005261308397166431 0.016240034252405167
-0.001098149223253131 0.01604798063635826
-0.0014983492437750101 0.015576481819152832
0.00010157143697142601 0.015286569483578205
0.0012432836228981614 0.014834051951766014
0.0015943379839882255 0.01437710877507925
0.00361105939373374 0.014344945549964905
0.00010424402717035264 0.014028685167431831
0.00015429935592692345 0.01400534063577652
-0.0013634072383865714 0.013867378234863281
-0.0005183391040191054 0.013896207325160503
0.0034855033736675978 0.014406509697437286
0.0006101795006543398 0.01363025326281786
0.00038698449498042464 0.013434157706797123
0.0001514956820756197 0.013091533444821835
-0.00276841688901186 0.012910033576190472
-0.0011634554248303175 0.012536022812128067
-0.0005722446949221194 0.01254807598888874
0.002022750908508897 0.012372170574963093
-0.0002592481905594468 0.012300054542720318
0.001794727286323905 0.012160848826169968
-0.0004731793305836618 0.011972480453550816
0.000531891593709588 0.011857958510518074
-0.0005837198114022613 0.011730832047760487
0.0015373674686998129 0.011260007508099079
0.0009865409228950739 0.0113744605332613
-0.0005624037003144622 0.011377120390534401
-0.0019256619270890951 0.011378775350749493
-0.0005470993346534669 0.010931798256933689
-0.00018534422270022333 0.010794924572110176
0.002728221472352743 0.010725128464400768
0.0032128978054970503 0.010404235683381557
0.0010552721796557307 0.010493560694158077
-0.0001585193385835737 0.010136418975889683
0.00023088883608579636 0.009896420873701572
0.0008406814886257052 0.010004467330873013
0.0009994873544201255 0.009761557914316654
0.001918064896017313 0.00974120944738388
-0.0008302482310682535 0.009607134386897087
0.0013065512757748365 0.009362950921058655
0.0031919656321406364 0.009251080453395844
0.0012298099463805556 0.008928081952035427
0.0013956872280687094 0.008982151746749878
-0.0007455341401509941 0.008853999897837639
0.00037781285936944187 0.00865689106285572
-0.0013404989149421453 0.008593689650297165
-0.000836243387311697 0.008659864775836468
-0.00037267012521624565 0.008725520223379135
0.0002797735796775669 0.00877731665968895
0.0006250473670661449 0.008846922777593136
0.0013222002889961004 0.008743331767618656
0.0008211372187361121 0.008733288384974003
-0.0008570027421228588 0.008674952201545238
-0.00025968713453039527 0.008552197366952896
0.0007257496472448111 0.00845000147819519
0.00014428235590457916 0.008381061255931854
6.156841845950112e-05 0.008359216153621674
-0.0003520740137901157 0.008221246302127838
-0.00023564975708723068 0.008236084133386612
-0.0004815582069568336 0.00802549161016941
-0.001618903479538858 0.00811543595045805
-0.0008448638836853206 0.008163431659340858
0.00048329326091334224 0.008086376823484898
0.0003427678602747619 0.008006254211068153
0.00038993608905002475 0.007932181470096111
0.0005676894215866923 0.00783921405673027
-0.0005455410573631525 0.007718215696513653
0.00041387308738194406 0.00778481550514698
0.0005207790527492762 0.0075806197710335255
-2.590264193713665e-05 0.007460718508809805
-0.0002437448565615341 0.007513330318033695
-0.0002904442953877151 0.007441211026161909
-0.0006177395116537809 0.007456812541931868
0.0008526362362317741 0.007334966212511063
0.0015078128781169653 0.0073442235589027405
0.0016614863416180015 0.007335576694458723
0.0024223248474299908 0.007396281696856022
0.001183653250336647 0.007260936312377453
0.0014797905460000038 0.007230130955576897
0.0022031154949218035 0.007184341549873352
0.001214200514368713 0.007090186234563589
0.0005704589420929551 0.007028988096863031
0.00016786204650998116 0.00692348089069128
0.0004373217816464603 0.006904179695993662
-0.00033245873055420816 0.0068056294694542885
-0.0018187048844993114 0.006763285491615534
-0.0013506787363439798 0.006745504215359688
-0.00028942013159394264 0.006674746982753277
0.0003306649159640074 0.006618264596909285
7.898523472249508e-05 0.006557607091963291
-0.00014358821499627084 0.00665759202092886
-0.00022971809084992856 0.006546482909470797
-0.0011657648719847202 0.006366732995957136
-0.0011107155587524176 0.006313140504062176
0.0004840019973926246 0.006207591388374567
0.0017496937653049827 0.006162418518215418
0.00030724628595635295 0.006172141991555691
0.0016058774199336767 0.006165425293147564
0.00028928284882567823 0.006127087399363518
0.0002298960171174258 0.00609084777534008
0.000980140408501029 0.0061037070117890835
-0.00010388670489192009 0.0061509134247899055
-0.0013829644303768873 0.006075622513890266
-0.0013419860042631626 0.00605397904291749
-0.0004194742941763252 0.006055514793843031
-0.00026162489666603506 0.006024638190865517
-0.0010730316862463951 0.005996555555611849
-0.0006276554195210338 0.0059890225529670715
-0.0009522681939415634 0.006023661699146032
-0.0005352923180907965 0.005912323482334614
-0.00043353470391593874 0.006018240936100483
0.00036430172622203827 0.005905992351472378
7.768829527776688e-05 0.005869418848305941
-0.0003392705402802676 0.0058610946871340275
0.0005032516783103347 0.005879513919353485
-0.00010572812607279047 0.005878945346921682
-0.0002756537578534335 0.005762159824371338
-0.0012028764467686415 0.005734683480113745
-0.0009050831431522965 0.005682240705937147
0.0007817940786480904 0.005657638888806105
0.0004897473845630884 0.005615632515400648
1.616479130461812e-05 0.005582759156823158
-0.00010234559886157513 0.005620092153549194
0.0010979268699884415 0.005516172852367163
0.001019947463646531 0.005570532754063606
0.0016476394375786185 0.005492882803082466
0.0019055064767599106 0.005514198448508978
0.0014936052029952407 0.0055287606082856655
0.0007530468865297735 0.005470792297273874
7.996786007424816e-05 0.005395449697971344
0.0008781640790402889 0.00542356027290225
0.0006335891666822135 0.005364075768738985
-0.0005419361405074596 0.005414021201431751
-0.0007509046117775142 0.005381256341934204
-0.00021281797671690583 0.005444649141281843
5.9665064327418804e-05 0.005418318323791027
-0.0004066075780428946 0.005347408354282379
0.0002759094932116568 0.005322284530848265
9.737936488818377e-05 0.0053185163997113705
-0.00043477313010953367 0.005330818705260754
7.493561133742332e-05 0.005310374312102795
0.0004273956292308867 0.005276062525808811
-0.0011241217143833637 0.0052793207578361034
-0.0012118953745812178 0.005259306635707617
-0.0007746182382106781 0.005252488423138857
-0.0014204715844243765 0.005193999037146568
-0.0008370428113266826 0.00515969842672348
-0.0013481499627232552 0.005094990134239197
-0.0014287352096289396 0.0051632528193295
-0.0013370894594118 0.005178430117666721
-0.0005280378391034901 0.005175051745027304
-0.00043618559720925987 0.005176431033760309
-0.00035313479020260274 0.005153193604201078
-0.0011747576063498855 0.00516971992328763
-0.0014625992625951767 0.005162590648978949
-0.0016904724761843681 0.005112241953611374
-0.001374883926473558 0.005094205494970083
-0.0015176836168393493 0.005061075557023287
-0.0009514429839327931 0.005020993761718273
-0.0010861249174922705 0.0050400905311107635
-0.001340242917649448 0.005000135395675898
-0.0006733760237693787 0.004965343978255987
-6.949350790819153e-05 0.004912062548100948
-0.00042899788240902126 0.00492536136880517
0.00023627441260032356 0.004875504411756992
3.408192424103618e-05 0.004883192479610443
-0.0004836207372136414 0.004858137108385563
0.00013405331992544234 0.004831893835216761
0.0001891624415293336 0.00486804498359561
0.00038945581763982773 0.004879726096987724
0.0005723806680180132 0.004841339774429798
0.0007639083778485656 0.0047885961830616
4.090376751264557e-05 0.004752810113132
7.602269761264324e-05 0.004703512880951166
0.0007090956787578762 0.004709696862846613
0.00023403781233355403 0.00468954723328352
-0.0010772092500701547 0.004647844471037388
-0.000743370212148875 0.004656638950109482
-0.0006296584033407271 0.00460478663444519
-0.0008547237957827747 0.004625468980520964
-0.00022823881590738893 0.004611681215465069
-0.0010023918002843857 0.004597296006977558
-0.0011801382061094046 0.004544542171061039
-0.0007809349335730076 0.0045051490887999535
-0.0003454873804003 0.004508926533162594
-4.351988900452852e-05 0.004466517362743616
-0.00011750974226742983 0.004430375061929226
0.00018452736549079418 0.004433060064911842
0.0005535189411602914 0.0044164592400193214
0.0009100364986807108 0.004411408677697182
0.0011542567517608404 0.004440517630428076
0.0008596023544669151 0.004436491522938013
0.0009086398640647531 0.0043913922272622585
0.0004324439796619117 0.004405116196721792
0.00015498674474656582 0.004388557281345129
0.0004650395712815225 0.0043704211711883545
0.0013509959680959582 0.004352598916739225
0.0019707391038537025 0.004341448191553354
0.0017597757978364825 0.004322587978094816
0.0017282923217862844 0.004307540133595467
0.001876684371381998 0.00428288709372282
0.0009871195070445538 0.0042929681949317455
0.0009004261810332537 0.004252737388014793
0.0005251775146462023 0.004223103169351816
0.0003790039336308837 0.004200912080705166
0.0002866264549084008 0.004179148934781551
-0.00015581415209453553 0.004151342902332544
-9.665110701462254e-05 0.004145584534853697
-2.42404257733142e-05 0.004100966267287731
-0.0001936570042744279 0.00409729266539216
-0.0005169703508727252 0.004097520839422941
-0.0005913183558732271 0.004108743742108345
8.77064885571599e-05 0.0040740142576396465
0.0005507667665369809 0.004059317987412214
0.0005210171802900732 0.004052432253956795
0.0005641253665089607 0.004012381657958031
0.00044785119825974107 0.0039725531823933125
0.0007692810031585395 0.0039899470284581184
0.0010741588193923235 0.004002190660685301
0.0011156739201396704 0.003989793825894594
0.0008410675218328834 0.003957253880798817
0.0009825540473684669 0.003965974785387516
0.001399327884428203 0.003937113098800182
0.000743256532587111 0.003922657109797001
0.000572682823985815 0.003931581042706966
0.0014263975899666548 0.003910062834620476
0.001203769352287054 0.003915382083505392
0.0008519167895428836 0.00388053129427135
0.000996395479887724 0.00387008604593575
0.0013294508680701256 0.0038632238283753395
0.0009740925161167979 0.003878873074427247
0.001557840034365654 0.003852464957162738
0.0011181297013536096 0.0038574025966227055
0.0007380253518931568 0.0038380117621272802
0.0007229715120047331 0.003822235157713294
0.00031859937007538974 0.003840875579044223
-0.00019252661149948835 0.0038180449046194553
0.00019392845570109785 0.0037972822319716215
-0.00018298950453754514 0.0038253760430961847
6.829938502050936e-05 0.003821351332589984
-0.0003398323315195739 0.0037883042823523283
-0.0005113500519655645 0.0037970105186104774
-0.00036062573781237006 0.0038081498350948095
-0.0010501028737053275 0.0037925750948488712
-0.0015220021596178412 0.003775106742978096
-0.0010147674474865198 0.0037563059013336897
-0.001185490400530398 0.0037392075173556805
-0.0012011139187961817 0.0037474294658750296
-0.0006204757373780012 0.0037296032533049583
-0.0005693434504792094 0.003743703942745924
-0.00018138896848540753 0.003739358624443412
-0.00015330837049987167 0.0037420194130390882
-0.00044424133375287056 0.0037306153681129217
-0.00014195677067618817 0.003723269095644355
0.0006924602203071117 0.0036817414220422506
5.195749690756202e-05 0.0036874148063361645
0.00030930747743695974 0.0037085269577801228
0.000511144520714879 0.0036921040154993534
0.0004930429277010262 0.0037114243023097515
0.0006188864354044199 0.003693928709253669
0.0011649311054497957 0.0036907712928950787
0.0008172926027327776 0.0036778580397367477
0.001018212758935988 0.003682600101456046
0.001321691437624395 0.0036877861712127924
0.0011911194305866957 0.003673439845442772
0.0009894096292555332 0.0036755469627678394
0.0008432195754721761 0.0036493486259132624
0.0009008920169435441 0.0036533542443066835
0.0008009881130419672 0.0036348227877169847
0.0008514655637554824 0.0036321734078228474
0.0008672833791933954 0.0036192273255437613
0.00022320181597024202 0.003600082127377391
0.0006877062260173261 0.003614590037614107
0.0007215621299110353 0.0036136950366199017
0.0012896840926259756 0.003598997602239251
0.001189664239063859 0.003583581419661641
0.0015984964556992054 0.00359390489757061
0.0016044736839830875 0.0035729645751416683
0.0015003783628344536 0.003578798845410347
0.001716280821710825 0.0035578403621912003
0.002257981337606907 0.003576969960704446
0.0016083677764981985 0.0035781138576567173
0.0015308287693187594 0.003577669383957982
0.001063978299498558 0.0035763673949986696
0.0014659694861620665 0.003563326084986329
0.0012293861946091056 0.0035598387476056814
0.00169552571605891 0.0035514929331839085
0.0010300425346940756 0.0035398146137595177
0.000790701131336391 0.0035387405660003424
0.0010386445792391896 0.0035694793332368135
0.0006349956383928657 0.0035675533581525087
0.0011228485964238644 0.0035630653146654367
0.0013704625889658928 0.0035578561946749687
0.001644480973482132 0.003559952601790428
0.0019240882247686386 0.0035502389073371887
0.001723436638712883 0.003550360444933176
0.001622885698452592 0.0035175099037587643
0.0016363913891837 0.003500515129417181
0.001049955259077251 0.003512849798426032
0.0009438935667276382 0.0035083990078419447
0.0008617599960416555 0.0034917290322482586
0.0008401772356592119 0.003497608471661806
0.0008749885018914938 0.003486908972263336
0.0010644466383382678 0.003481565974652767
0.0010238788090646267 0.003469425719231367
0.0009500370360910892 0.00347775942645967
0.0007903650403022766 0.0034809510689228773
0.0002389951259829104 0.0034830905497074127
0.0002273213176522404 0.0034809401258826256
0.0004809756937902421 0.0034649712033569813
0.00040393960080109537 0.003464853623881936
0.0005559892160817981 0.0034654252231121063
0.00040666433051228523 0.0034764250740408897
0.00024461789871566 0.003489240538328886
0.00027243851218372583 0.0034725209698081017
-0.0001269085332751274 0.003479803679510951
0.0003794659278355539 0.0034595788456499577
0.0004097245982848108 0.0034536761231720448
0.0003951698890887201 0.0034555213060230017
0.00029353314312174916 0.003436034545302391
0.0006990176043473184 0.003441010368987918
0.0006042232271283865 0.0034263429697602987
0.0006101037724874914 0.003415791317820549
0.0006163669168017805 0.0034113803412765265
0.0007657137466594577 0.0033858187962323427
0.0005166633054614067 0.003380026901140809
8.77417842275463e-05 0.0033500222489237785
0.00020275787392165512 0.0033534697722643614
0.0003074858686886728 0.003364581149071455
0.0008675302378833294 0.003360378323122859
0.0007342013996094465 0.00335066975094378
0.0007735478575341403 0.0033426336012780666
0.0008782932418398559 0.0033337988425046206
0.0008756094030104578 0.0033349862787872553
0.0009271101444028318 0.003329773899167776
0.0009081437601707876 0.003321239026263356
0.0011230481322854757 0.0033110803924500942
0.0013149885926395655 0.003291694214567542
0.0008119329577311873 0.003300267271697521
0.0008013858459889889 0.0032948849257081747
0.0004480583011172712 0.0032886641565710306
0.0005181089509278536 0.003282952355220914
0.0006413576193153858 0.0032765772193670273
0.0011344751110300422 0.0032925435807555914
0.0011313381837680936 0.003289375454187393
0.0013279308332130313 0.0032913198228925467
0.000866218819282949 0.0032914746552705765
0.0009516688296571374 0.0032856129109859467
0.0015110622625797987 0.0032689939253032207
0.0017267991788685322 0.003265334526076913
0.001854875823482871 0.0032439136411994696
0.0021086910273879766 0.003230001777410507
0.0019035600125789642 0.0032135602086782455
0.0017760408809408545 0.0032261167652904987
0.0014979972038418055 0.003229608992114663
0.001232175505720079 0.00323273241519928
0.0011088120518252254 0.003222123021259904
0.0010053995065391064 0.003204283770173788
0.0008769822306931019 0.003192612435668707
0.0010797306895256042 0.0031928762327879667
0.0008204362820833921 0.0031947502866387367
0.0005365713150240481 0.0031792176887392998
0.0006902609020471573 0.003174316370859742
0.0005159192369319499 0.0031592363957315683
0.0005787261761724949 0.0031597402412444353
0.0005814117612317204 0.003140348242595792
0.0008278833120130002 0.0031373861711472273
0.0008842520182952285 0.003145856549963355
0.0011717334855347872 0.0031430753879249096
0.0012354784412309527 0.0031397626735270023
0.0012324012350291014 0.0031285115983337164
0.0011206757044419646 0.003118933876976371
0.0010216719238087535 0.003118761582300067
0.0007216776721179485 0.003105639712885022
0.000480864749988541 0.003111672354862094
0.00036177129368297756 0.003107817843556404
0.0003822592261712998 0.003101508365944028
0.00047395165893249214 0.0030965562909841537
-1.1633848771452904e-05 0.003094324842095375
-0.00014969342737458646 0.0030996953137218952
-0.00044025672832503915 0.003088377881795168
-0.0004981898819096386 0.003094222629442811
-0.0001778426521923393 0.0030959269497543573
-0.00013593188486993313 0.00310787302441895
8.581834845244884e-05 0.003102426417171955
0.00018183390784543008 0.0030906940810382366
0.0004539675428532064 0.003092279192060232
0.00020234737894497812 0.003081517992541194
0.00036050647031515837 0.0030924640595912933
0.00033030539634637535 0.0030839883256703615
0.0005082725547254086 0.003098574001342058
0.0005100463749840856 0.003089179052039981
0.00019737663387786597 0.003070525825023651
9.278301149606705e-07 0.003080987837165594
5.48569587408565e-05 0.0030744457617402077
5.9556721680564806e-05 0.003059566719457507
0.0003401602152734995 0.003045674180611968
0.00032849080162122846 0.0030402415432035923
0.00038312439573928714 0.003032822161912918
0.00038495403714478016 0.0030320645309984684
0.0003407626354601234 0.003026954596862197
0.000515543797519058 0.0030086515471339226
0.0007293011876754463 0.0030027905013412237
0.0009991120314225554 0.0030004936270415783
0.0009014190873131156 0.003001878969371319
0.0012356971856206656 0.002989028813317418
0.0009962208569049835 0.002981373341754079
0.0010949778370559216 0.0029674009419977665
0.001056072534993291 0.0029694391414523125
0.0009885878534987569 0.0029738047160208225
0.0008535687229596078 0.0029779563192278147
0.0010425139917060733 0.002980812918394804
0.0008786754915490746 0.002965630730614066
0.0008302282076328993 0.002961596241220832
0.0008049935568124056 0.002968671265989542
0.00048623199108988047 0.002968732500448823
0.0003651554579846561 0.0029626230243593454
0.0002751054416876286 0.002958378056064248
0.00039785305853001773 0.0029618931002914906
0.00023497511574532837 0.0029457882046699524
0.00020503977430053055 0.0029405364766716957
0.0002329551352886483 0.0029372188728302717
8.878903463482857e-05 0.0029257594142109156
0.00016106318798847497 0.0029173349030315876
0.000219692854443565 0.002910889219492674
0.00010398728045402095 0.0029048596043139696
-6.795136141590774e-05 0.0029058565851300955
-0.00022089571575634181 0.0028943957295268774
-6.702195241814479e-05 0.002898790407925844
-0.0004156897193752229 0.00288054789416492
-0.00038592651253566146 0.0028730256017297506
-0.00029161281418055296 0.0028720286209136248
-0.00044503482058644295 0.002872470999136567
-0.0005897008813917637 0.002867019036784768
-0.0006130090914666653 0.002867775736376643
-0.0005385351832956076 0.0028692688792943954
-0.0003258583601564169 0.0028711510822176933
-7.71299673942849e-05 0.002877593971788883
-0.00022077138419263065 0.0028776235412806273
-0.00017229285731445998 0.002870175987482071
-9.302102262154222e-05 0.0028601507656276226
0.0001318134309258312 0.0028505749069154263
-1.2698195860139094e-05 0.0028521905187517405
-0.00018927210476249456 0.0028586676344275475
-0.0001677004329394549 0.0028635377530008554
-0.00023482721007894725 0.002865889109671116
-1.960829831659794e-05 0.00285386573523283
0.00010326089977752417 0.002850343007594347
4.599633393809199e-05 0.0028505465015769005
7.015571463853121e-05 0.002854173304513097
0.00018682851805351675 0.00284871575422585
0.0003377737011760473 0.0028473681304603815
0.0002350019640289247 0.0028428456280380487
0.00020769270486198366 0.0028421219903975725
0.0002535689272917807 0.0028399217408150434
0.00020916415087413043 0.0028420784510672092
0.00011246016947552562 0.0028419785667210817
-2.9854196327505633e-05 0.002843997674062848
3.368231045897119e-05 0.00284257042221725
-4.222744610160589e-05 0.0028473506681621075
0.00019162241369485855 0.002842904767021537
0.00020504681742750108 0.002826723735779524
2.0236087948433124e-05 0.0028258678503334522
-0.00010298107372364029 0.0028175783809274435
-0.0002120031276717782 0.0028109701815992594
-0.0001936074550030753 0.002807897748425603
-7.822459883755073e-05 0.00281528290361166
-2.0995872546336614e-05 0.0028057340532541275
2.471036532369908e-05 0.0027980972081422806
-4.796566645381972e-05 0.002800081158056855
5.639312439598143e-05 0.0027887197211384773
0.0002748479600995779 0.0027854619547724724
0.0004696302057709545 0.0027845173608511686
0.0004610835458151996 0.0027660676278173923
0.00041409023106098175 0.0027571727987378836
0.0004896497703157365 0.00276850163936615
0.0003495110140647739 0.0027492449153214693
0.00025520328199490905 0.0027461217250674963
0.00033644394716247916 0.0027390094473958015
0.00014504030696116388 0.002741824137046933
4.8669618990970775e-05 0.002742545446380973
-6.550741090904921e-05 0.002727268263697624
-0.00011105182056780905 0.00273993075825274
-8.010055171325803e-05 0.0027446977328509092
4.160860407864675e-05 0.0027378874365240335
0.00012488686479628086 0.002732532098889351
8.604262256994843e-05 0.0027155878487974405
8.313290163641796e-05 0.0027155238203704357
0.00012890614743810147 0.0026990589685738087
3.019848372787237e-05 0.002682827180251479
-5.474013596540317e-05 0.0026844509411603212
5.249677269603126e-05 0.00267934356816113
-3.20439794450067e-05 0.0026755400467664003
0.00018380166147835553 0.002674503717571497
0.000378110766177997 0.002660743659362197
0.00019443771452642977 0.002654684940353036
0.00025816960260272026 0.0026566744782030582
0.0002638865844346583 0.0026558584067970514
0.0003669701691251248 0.002659990917891264
0.00041619129478931427 0.0026561631821095943
0.00044040335342288017 0.002653005300089717
0.00043564228690229356 0.0026448932476341724
0.00044197734678164124 0.002635460812598467
0.0004601772525347769 0.002636440796777606
0.0005000459495931864 0.0026284169871360064
0.0005717562744393945 0.002631009556353092
0.0006846940377727151 0.002628241665661335
0.00056449044495821 0.0026206488255411386
0.0005864286213181913 0.0026282917242497206
0.0007347987848334014 0.0026189920026808977
0.0008009831653907895 0.002616409445181489
0.0008308495162054896 0.0026162099093198776
0.0008441366953775287 0.002608516253530979
0.0006795173394493759 0.002610703930258751
0.0007682993891648948 0.002604329027235508
0.0005900425603613257 0.00260849017649889
0.0005866500432603061 0.0025992391165345907
0.0004117894859518856 0.0026067905128002167
0.00046417093835771084 0.0026045399717986584
0.00036707549588754773 0.0026065337006002665
0.00019110130961053073 0.0026049213483929634
6.204379315022379e-05 0.002609369345009327
0.00018429456395097077 0.002604152075946331
0.0002411498862784356 0.002602825639769435
0.00010468300752108917 0.00259637413546443
0.00013343154569156468 0.002585081849247217
0.00015623823856003582 0.002580503933131695
5.391082231653854e-05 0.00256989779882133
0.00011980281851720065 0.002567519200965762
9.675145702203736e-05 0.0025585354305803776
0.00014174362877383828 0.002555456478148699
0.00019022272317670286 0.0025537079200148582
0.00019850015814881772 0.0025597093626856804
0.00010942082008114085 0.0025497227907180786
0.0001482194784330204 0.002546229399740696
0.0002822968235705048 0.0025532529689371586
0.0003508328809402883 0.0025519251357764006
0.0003677314380183816 0.002539396286010742
0.0003877187555190176 0.0025396670680493116
0.0005673426785506308 0.0025386756751686335
0.0005850567831657827 0.0025378738064318895
0.0005525151500478387 0.0025357340928167105
0.0005757712060585618 0.0025340744759887457
0.0003630107967182994 0.00252749165520072
0.0003170918207615614 0.0025168503634631634
0.000483803974930197 0.0025131511501967907
0.00039349915459752083 0.0025149639695882797
0.00035969316377304494 0.0025083255022764206
0.0003271913155913353 0.002503487281501293
0.0002753556182142347 0.002500945469364524
0.00022940084454603493 0.002492212224751711
0.00027543920441530645 0.002492764499038458
0.0002202303148806095 0.0024893542286008596
0.0002864061971195042 0.0024788379669189453
0.0002828357391990721 0.0024684604723006487
0.0002720998600125313 0.002464995952323079
0.00016240892000496387 0.0024608378298580647
0.00018659656052477658 0.002455029170960188
0.0001876723108580336 0.0024526247289031744
0.0001319043803960085 0.002449125051498413
0.00015781959518790245 0.002447771606966853
2.3420265279128216e-05 0.0024562578182667494
-5.937166861258447e-06 0.00244603562168777
-3.056818604818545e-05 0.0024360031820833683
-1.0501617907721084e-05 0.002433974528685212
4.683566658059135e-05 0.002432724228128791
2.9002409064560197e-05 0.002434104448184371
6.275354826357216e-05 0.0024333614856004715
4.70392988063395e-05 0.0024303006939589977
7.946424739202484e-05 0.0024313307367265224
0.00010256622772431001 0.002421913668513298
0.00011665202328003943 0.002415937837213278
6.0265207139309496e-05 0.0024150798562914133
8.468009036732838e-05 0.002413160167634487
0.0001583626144565642 0.0024069715291261673
0.00020310113904997706 0.0024055272806435823
5.053704808233306e-05 0.0024050551000982523
6.827624747529626e-05 0.002405506558716297
3.873082096106373e-05 0.0024060963187366724
7.713303057244048e-05 0.0024069661740213633
0.00011398216884117573 0.002402993617579341
0.00013361306628212333 0.002400080906227231
6.0292175476206467e-05 0.0023995735682547092
5.387018245528452e-05 0.0023987414315342903
4.062533480464481e-05 0.002398685086518526
4.218757385388017e-05 0.002398664364591241
5.388814315665513e-05 0.00239905109629035
9.7658448794391e-05 0.002397955395281315
8.447440632153302e-05 0.002399724442511797
8.79460567375645e-05 0.0023951975163072348
5.1167378842365e-05 0.00239147013053298
