0.17109602689743042 0.3274867832660675
-1.0713529586791992 0.25978630781173706
-0.4546630382537842 1.2038606405258179
-0.45464521646499634 1.1986019611358643
-0.45485204458236694 1.178460955619812
-0.45165714621543884 1.0679326057434082
-0.39101457595825195 0.6687946915626526
-0.2503035068511963 0.45663005113601685
-0.242021381855011 0.40913960337638855
-0.23774147033691406 0.3753167390823364
-0.20663559436798096 0.33623647689819336
-0.15406544506549835 0.2842431962490082
-0.09271255135536194 0.24211449921131134
-0.032822370529174805 0.21790775656700134
-0.0009794093202799559 0.20031121373176575
-0.0003411024808883667 0.1810951679944992
0.0015713812317699194 0.16087818145751953
0.006369478069245815 0.14605848491191864
0.0036677743773907423 0.13610947132110596
0.005710913799703121 0.12726737558841705
-0.005807108245790005 0.12001339346170425
0.013208813965320587 0.11443944275379181
-0.010367481037974358 0.1095150038599968
0.00999123603105545 0.1038270816206932
-0.01531217060983181 0.09900602698326111
0.03866688162088394 0.09634997695684433
-0.07291531562805176 0.0954277366399765
0.12943744659423828 0.09414102882146835
-0.17921361327171326 0.09860358387231827
0.19697979092597961 0.0889572724699974
-0.1400376856327057 0.08535096794366837
0.10814030468463898 0.08123171329498291
-0.09188031405210495 0.07789306342601776
0.09497295320034027 0.07436105608940125
-0.0998404324054718 0.0734223797917366
0.10113872587680817 0.07009269297122955
-0.11635898798704147 0.0697435587644577
0.1230144128203392 0.0715814083814621
-0.12296014279127121 0.07024862617254257
0.09528359025716782 0.07146231085062027
-0.08913068473339081 0.0681191012263298
0.059408172965049744 0.06803378462791443
-0.06646035611629486 0.06291259825229645
0.047592129558324814 0.06452683359384537
-0.05519181489944458 0.06336784362792969
0.04833054542541504 0.06531421840190887
-0.05207017809152603 0.05806939676403999
0.04992053657770157 0.05947570130228996
-0.07117427885532379 0.05396080017089844
0.07905406504869461 0.054700642824172974
-0.11400322616100311 0.05316851660609245
0.1105138286948204 0.05351625382900238
-0.12258448451757431 0.04897259920835495
0.12293636798858643 0.0499207079410553
-0.1233343780040741 0.047254111617803574
0.12245742976665497 0.04727083072066307
-0.11702556908130646 0.04517802223563194
0.10661046206951141 0.04523332044482231
-0.09653705358505249 0.042819052934646606
0.09366194903850555 0.04252544790506363
-0.12051904201507568 0.04357358440756798
0.12005343288183212 0.043530743569135666
-0.11708255112171173 0.042125459760427475
0.10120344161987305 0.04212949797511101
-0.11590494960546494 0.040761370211839676
0.09554789960384369 0.04110065475106239
-0.10038580000400543 0.040224120020866394
0.09396262466907501 0.04132522642612457
-0.09194979071617126 0.03907031565904617
0.08188166469335556 0.038821808993816376
-0.09398045390844345 0.03821912407875061
0.09529360383749008 0.03829106688499451
-0.10062149167060852 0.03761099651455879
0.09346210956573486 0.03675942122936249
-0.09948627650737762 0.03658260032534599
0.09134861081838608 0.036582574248313904
-0.09049998223781586 0.0354890301823616
0.09299992024898529 0.0354405902326107
-0.1040874570608139 0.035120487213134766
0.11215772479772568 0.035848941653966904
-0.11592855304479599 0.035349879413843155
0.11090811342000961 0.03639749437570572
-0.09956681728363037 0.03458790481090546
0.09736122936010361 0.03448449820280075
-0.09451436996459961 0.033914919942617416
0.08943810313940048 0.03366541489958763
-0.09710516780614853 0.032260749489068985
0.09657224267721176 0.032619066536426544
-0.09661047905683517 0.03202848136425018
0.10918872058391571 0.03221118822693825
-0.1070004552602768 0.031888168305158615
0.10456212610006332 0.03166164457798004
-0.10607697814702988 0.032157402485609055
0.09718849509954453 0.03174726292490959
-0.09855010360479355 0.030324846506118774
0.0963713750243187 0.03066367097198963
-0.09749051183462143 0.03036392852663994
0.10449008643627167 0.03046027198433876
-0.10386675596237183 0.029330700635910034
0.10522210597991943 0.02942187897861004
-0.1008022278547287 0.0286867693066597
0.0943947434425354 0.02800401672720909
-0.11253523826599121 0.029461732134222984
0.10863842815160751 0.030044885352253914
-0.10683299601078033 0.029298650100827217
0.10643842071294785 0.027935851365327835
-0.0890440046787262 0.02904581092298031
0.08601747453212738 0.028538573533296585
-0.08078791201114655 0.02772727981209755
0.08816438913345337 0.02681984193623066
-0.09224645793437958 0.027814676985144615
0.09736519306898117 0.026168616488575935
-0.10390686988830566 0.026598570868372917
0.10045751184225082 0.02685529738664627
-0.10710730403661728 0.02765888161957264
0.09767937660217285 0.02811511419713497
-0.08704780042171478 0.02655528113245964
0.0906432718038559 0.02838302217423916
-0.08426009118556976 0.02579064853489399
0.08544778823852539 0.024986309930682182
-0.09527498483657837 0.025350069627165794
0.09922995418310165 0.024875158444046974
-0.1024697870016098 0.02636142633855343
0.0976911410689354 0.024850396439433098
-0.1057334765791893 0.025820812210440636
0.09919144958257675 0.02512495405972004
-0.10328352451324463 0.02465449646115303
0.08661773800849915 0.024291396141052246
-0.08648233115673065 0.024339787662029266
0.0801645964384079 0.023227978497743607
-0.09371785819530487 0.023808129131793976
0.09388222545385361 0.02482970431447029
-0.09627365320920944 0.024831779301166534
0.09291017055511475 0.02547731064260006
-0.08612322807312012 0.026406535878777504
0.0806053876876831 0.023975543677806854
-0.07453793287277222 0.02337612211704254
0.09500211477279663 0.02374074049293995
-0.08517851680517197 0.02442779950797558
0.09657683968544006 0.025324063375592232
-0.0956849679350853 0.0252239927649498
0.0916372761130333 0.023578938096761703
-0.08895528316497803 0.024277042597532272
0.08462493866682053 0.023387230932712555
-0.07812334597110748 0.02263426035642624
0.07880617678165436 0.02181994915008545
-0.09096322953701019 0.022522129118442535
0.08651091903448105 0.022593118250370026
-0.09206974506378174 0.02323172800242901
0.08628572523593903 0.023423967882990837
-0.0858154445886612 0.02252493053674698
0.08443890511989594 0.023670228198170662
-0.08741914480924606 0.022253911942243576
0.08165789395570755 0.021812263876199722
-0.08498957008123398 0.022386077791452408
0.09040172398090363 0.02339874394237995
-0.07667180150747299 0.021265966817736626
0.0866919606924057 0.02234809473156929
-0.08961564302444458 0.022937582805752754
0.0859636664390564 0.022501831874251366
-0.07939422130584717 0.022433826699852943
0.07477681338787079 0.021892718970775604
-0.0745452493429184 0.021581752225756645
0.0834265649318695 0.022456856444478035
-0.0839882642030716 0.021767718717455864
0.07908642292022705 0.022481979802250862
-0.07707074284553528 0.02203841507434845
0.08039852231740952 0.02152279019355774
-0.08567535132169724 0.021862640976905823
0.09126460552215576 0.021870771422982216
-0.08215758204460144 0.020675010979175568
0.09813548624515533 0.022530395537614822
-0.0954802930355072 0.02010398730635643
0.09439414739608765 0.020787687972187996
-0.10266437381505966 0.01911196857690811
0.09402196854352951 0.020971931517124176
-0.0942389965057373 0.01940438523888588
0.09301057457923889 0.021634487435221672
-0.08580300211906433 0.020178979262709618
0.08698032796382904 0.02212616614997387
-0.08901449292898178 0.022949693724513054
0.0743081197142601 0.023043915629386902
-0.07950443774461746 0.02096428908407688
0.08056370168924332 0.02071024663746357
-0.07893550395965576 0.02146279625594616
0.08742104470729828 0.021237436681985855
-0.07783634960651398 0.01994774490594864
0.0934608206152916 0.020322561264038086
-0.08388559520244598 0.020037449896335602
0.08803482353687286 0.021065307781100273
-0.0812218114733696 0.020513055846095085
0.08685708045959473 0.02020382694900036
-0.08195425570011139 0.01977069117128849
0.08163946866989136 0.019350683316588402
-0.0835532546043396 0.019329456612467766
0.07688124477863312 0.018194444477558136
-0.07904680073261261 0.01823808252811432
0.07578623294830322 0.01928706280887127
-0.07191942632198334 0.018132954835891724
0.07569410651922226 0.018811143934726715
-0.07818248867988586 0.018575215712189674
0.08400237560272217 0.020102310925722122
-0.08399941027164459 0.01850922219455242
0.08983957767486572 0.018661018460989
-0.08358152210712433 0.019428975880146027
0.08056440204381943 0.020430788397789
-0.06491591036319733 0.017066285014152527
0.07419613003730774 0.018017355352640152
-0.0801713839173317 0.019144918769598007
0.07969465106725693 0.01953541301190853
-0.07605355978012085 0.018813928589224815
0.07268834114074707 0.018553880974650383
-0.06847497075796127 0.01900661736726761
0.07319304347038269 0.018728245049715042
-0.07146880775690079 0.01904037594795227
0.06370602548122406 0.017890218645334244
-0.061870500445365906 0.01899956539273262
0.06509681046009064 0.016895849257707596
-0.07180829346179962 0.017751803621649742
0.08108125627040863 0.02020004577934742
-0.07119264453649521 0.017065824940800667
0.07673360407352448 0.01978468708693981
-0.06290920078754425 0.01667579635977745
0.0679311528801918 0.01696500927209854
-0.07248721271753311 0.01734207198023796
0.07827870547771454 0.01884177140891552
-0.06979188323020935 0.018137728795409203
0.06701718270778656 0.017218688502907753
-0.07300396263599396 0.01769503392279148
0.06394308805465698 0.015780087560415268
-0.07434605807065964 0.016691824421286583
0.07141172885894775 0.01821477897465229
-0.06837931275367737 0.016758613288402557
0.06467235833406448 0.015683574602007866
-0.06452785432338715 0.016656992956995964
0.06704909354448318 0.016466623172163963
-0.06515766680240631 0.015825066715478897
0.06629154831171036 0.0171357449144125
-0.0730566754937172 0.016759023070335388
0.06870200484991074 0.016648631542921066
-0.0621289424598217 0.014513080008327961
0.07395915687084198 0.015642907470464706
-0.07605107128620148 0.017165077850222588
0.06134439632296562 0.018230389803647995
-0.0513840913772583 0.013734272681176662
0.06335019320249557 0.01441390160471201
-0.0729200541973114 0.015817388892173767
0.07514546811580658 0.01576976478099823
-0.07453208416700363 0.014273582957684994
0.08014246821403503 0.013557111844420433
-0.07873803377151489 0.014824273064732552
0.07747133076190948 0.014722269028425217
-0.06497504562139511 0.013830970972776413
0.07144702970981598 0.012766795232892036
-0.06800127029418945 0.014373661018908024
0.06879781931638718 0.015787990763783455
-0.057433512061834335 0.013633121736347675
0.06708061695098877 0.014358678832650185
-0.06299610435962677 0.01490681990981102
0.05737701803445816 0.014851735904812813
-0.05679808184504509 0.013047264888882637
0.05782848224043846 0.013682723045349121
-0.05689471215009689 0.014312820509076118
0.05277352035045624 0.01372162438929081
-0.06150582432746887 0.015213689766824245
0.047578178346157074 0.01339033804833889
-0.05999523401260376 0.01425735093653202
0.04759947583079338 0.012874595820903778
-0.05863780900835991 0.014653402380645275
0.05137311667203903 0.012738898396492004
-0.05091255530714989 0.012157381512224674
0.05190805718302727 0.01165346521884203
-0.05542045459151268 0.012667227536439896
0.054921798408031464 0.012335841543972492
-0.05757759511470795 0.01284301932901144
0.0538923442363739 0.01337769627571106
-0.05182715505361557 0.01436292938888073
0.039743006229400635 0.013648341409862041
-0.039505865424871445 0.010664650239050388
0.05193030834197998 0.011693763546645641
-0.05235007405281067 0.014161515049636364
0.044952642172575 0.01295721996575594
-0.040943365544080734 0.01193938311189413
0.04511561244726181 0.013157102279365063
-0.040961962193250656 0.015461914241313934
0.03666820749640465 0.013203022070229053
-0.025521688163280487 0.011591674759984016
0.03899795934557915 0.012043051421642303
-0.03760788217186928 0.013158410787582397
0.03831550106406212 0.013498234562575817
-0.031989194452762604 0.011583643965423107
0.029964519664645195 0.011065497063100338
-0.028523912653326988 0.011968170292675495
0.029530955478549004 0.013902927748858929
-0.025252796709537506 0.010608811862766743
0.03095618262887001 0.009949848055839539
-0.0335298553109169 0.011580229736864567
0.036313652992248535 0.0122758774086833
-0.029404861852526665 0.010749065317213535
0.03347429260611534 0.01034361869096756
-0.03280646353960037 0.010247371159493923
0.028646964579820633 0.01055954024195671
-0.02923738583922386 0.010513588786125183
0.029927147552371025 0.010973676107823849
-0.01750258170068264 0.009690787643194199
0.02033505216240883 0.009306544438004494
-0.016918007284402847 0.01038595475256443
0.021766705438494682 0.010031528770923615
-0.020666465163230896 0.008845031261444092
0.015488453209400177 0.008865016512572765
-0.018297700211405754 0.00936131551861763
0.018433652818202972 0.008948340080678463
-0.011687859892845154 0.008351587690412998
0.01731340028345585 0.008362207561731339
-0.014580631628632545 0.009527640417218208
0.015019851736724377 0.009396729059517384
-0.012352820485830307 0.00947517342865467
0.014038234949111938 0.009304060600697994
-0.019843753427267075 0.008978287689387798
0.020170079544186592 0.008998838253319263
-0.015115125104784966 0.008492234162986279
0.011755988001823425 0.009127942845225334
-0.010757609270513058 0.008372246287763119
0.012058403342962265 0.007811587303876877
-0.007429840974509716 0.007547654211521149
0.009734993800520897 0.008004105649888515
-0.009514281526207924 0.0074579245410859585
0.012507086619734764 0.007720402907580137
-0.0034455638378858566 0.007879442535340786
0.010578340850770473 0.008286219090223312
-0.006337199360132217 0.006591953337192535
0.009759320877492428 0.006063252687454224
-0.005446247290819883 0.00686016445979476
0.006153203547000885 0.006284823175519705
-0.0033435977529734373 0.00710655702278018
0.0029925047419965267 0.007478841580450535
-0.0008582726586610079 0.006638393737375736
0.009913608431816101 0.0060987020842731
-0.007631882093846798 0.006403876934200525
0.0055216457694768906 0.0065151397138834
-0.007950450293719769 0.006218308117240667
0.008675573393702507 0.005704243667423725
-0.00839949306100607 0.006084071472287178
0.010774779133498669 0.006740161683410406
-0.0052207945846021175 0.006474449764937162
0.006377161480486393 0.006283063907176256
-0.007887214422225952 0.006154919508844614
0.0048066237941384315 0.006192071828991175
-0.004027202725410461 0.006598664913326502
0.00648995116353035 0.0060772402212023735
-0.0076972320675849915 0.006556227803230286
0.001985687529668212 0.005534679628908634
-0.002500467700883746 0.006051214877516031
0.003185681765899062 0.0065406872890889645
-0.0020973621867597103 0.0059520527720451355
-0.0012362432898953557 0.006262100767344236
0.00021013773221056908 0.005758424289524555
0.002819826826453209 0.0054120346903800964
-0.0042467378079891205 0.005688033532351255
0.00039784819819033146 0.00522232661023736
-0.0022990519646555185 0.005118248518556356
-0.0026480178348720074 0.005097300745546818
0.0025113741867244244 0.005256895441561937
0.0005522503051906824 0.005174621939659119
0.0032800594344735146 0.005544919986277819
-0.0027360720559954643 0.005256168078631163
0.003469539573416114 0.004775128792971373
-0.0011051241308450699 0.004928919021040201
0.0005241379840299487 0.005011368542909622
0.0013991029700264335 0.004933375399559736
-0.0009055525879375637 0.004806906450539827
-0.0005190575029700994 0.004842683672904968
0.0023256412241607904 0.0046658022329211235
-0.0020101007539778948 0.004509652964770794
0.001963869435712695 0.0044398922473192215
0.0025302069261670113 0.004521660041064024
0.0016916962340474129 0.004579361993819475
0.0011656924616545439 0.0048130229115486145
0.0013132223393768072 0.004498631693422794
0.000745339784771204 0.004526766017079353
-0.0019199986709281802 0.004393120761960745
0.0018694883910939097 0.004525965545326471
-0.0018804650753736496 0.004344647284597158
-0.0015693040331825614 0.004181785508990288
0.00547694182023406 0.0041297669522464275
-0.001541285077109933 0.004402802791446447
0.0020015155896544456 0.0040923538617789745
0.0015715407207608223 0.004075694363564253
0.0019546968396753073 0.0038967712316662073
0.001574956113472581 0.003968141041696072
0.0016521220095455647 0.003848049556836486
0.004976384341716766 0.003851389279589057
0.0009401391143910587 0.00382354692555964
0.0011995037784799933 0.0037307124584913254
-0.0017503006383776665 0.003702468704432249
0.0014091422781348228 0.00367097370326519
0.00010310641664545983 0.0035963431000709534
0.0001922870724229142 0.0035311984829604626
0.005344702862203121 0.0034655362833291292
0.0009475605329498649 0.003577160183340311
0.00032512922189198434 0.003638067515566945
-0.0003739471430890262 0.0036782273091375828
0.00181572453584522 0.003405773313716054
0.0017175734974443913 0.0034256745129823685
-0.0005021837423555553 0.0034058913588523865
0.0007330249063670635 0.003374798921868205
0.004980116616934538 0.0033529873471707106
0.0030386922881007195 0.0033407160080969334
-0.000224843475734815 0.0032909715082496405
-0.00043475706479512155 0.0033763814717531204
-0.0010530536528676748 0.0033476119861006737
-0.0013802218018099666 0.0031515290029346943
0.00016840361058712006 0.0032591731287539005
0.0013052511494606733 0.0031832510139793158
0.0016019034665077925 0.00314873899333179
0.003615624038502574 0.0032494720071554184
0.00014712507254444063 0.0030882214196026325
0.00022508515394292772 0.0030654636211693287
-0.0012678186176344752 0.003075911896303296
-0.00041931169107556343 0.0031776167452335358
0.0034955337177962065 0.003321171272546053
0.000613742507994175 0.0031021246686577797
0.00043786721653304994 0.00301899085752666
0.0002071910275844857 0.002960716839879751
-0.002739438321441412 0.002948420587927103
-0.0011211561504751444 0.0028920581098645926
-0.000554004218429327 0.002886825241148472
0.002075585536658764 0.002883424051105976
-0.00021059843129478395 0.0028495993465185165
0.0018992715049535036 0.0028385480400174856
-0.0004339286533650011 0.002870539901778102
0.000633961521089077 0.0029644465539604425
-0.000604553148150444 0.0030240644700825214
0.0016133770113810897 0.0028435424901545048
0.0010642785346135497 0.0028881817124783993
-0.0004957686178386211 0.0029362125787883997
-0.0018532122485339642 0.002854639897122979
-0.0004841974005103111 0.002806144068017602
-9.567089000483975e-05 0.0027037791442126036
0.0027422700077295303 0.002834390150383115
0.0032379727344959974 0.0027461163699626923
0.0010675279190763831 0.0027449873741716146
-0.00013887928798794746 0.0026965606957674026
0.0002598807623144239 0.0027115908451378345
0.0008447330910712481 0.002722871722653508
0.0010478041367605329 0.0026417714543640614
0.001916581066325307 0.002620697021484375
-0.0007685838500037789 0.0026249540969729424
0.0012877407716587186 0.0026368065737187862
0.0032248271163553 0.0025978058110922575
0.0011547214817255735 0.0026217270642518997
0.0013679806143045425 0.0025667091831564903
-0.0008162266458384693 0.002604185836389661
0.00033393659396097064 0.002521426184102893
-0.0014110130723565817 0.002552913734689355
-0.0009153491700999439 0.0025012055411934853
-0.0004295648541301489 0.002486645244061947
0.0002530313504394144 0.0024663240183144808
0.0005878591327928007 0.002558524953201413
0.0012910203076899052 0.002513742307201028
0.000793896964751184 0.0025285924784839153
-0.0008571974467486143 0.0024885088205337524
-0.000302333093713969 0.002499108202755451
0.0006586108356714249 0.002461253199726343
0.00012353117926977575 0.0024301845114678144
2.8685744837275706e-05 0.0024392984341830015
-0.0003306744620203972 0.0024241877254098654
-0.00027219485491514206 0.0024020783603191376
-0.0005268975510261953 0.002338155172765255
-0.001664874143898487 0.0023731703404337168
-0.0008700557518750429 0.0023989672772586346
0.0004424556973390281 0.0023513708729296923
0.00032925931736826897 0.002349560149013996
0.00035032277810387313 0.0023428178392350674
0.0005051183397881687 0.002343705389648676
-0.0005776911857537925 0.002335882978513837
0.00034150778083130717 0.0024298198986798525
0.00041773589327931404 0.002282242989167571
-0.00011084834113717079 0.0022602826356887817
-0.00034428597427904606 0.002242541406303644
-0.00037266346043907106 0.0022656607907265425
-0.000721026211977005 0.002265071962028742
0.0007349321385845542 0.0022621743846684694
0.0013680828269571066 0.0022376636043190956
0.0015291891759261489 0.0022268276661634445
0.002305142115801573 0.0022393411491066217
0.0010364257032051682 0.0022296023089438677
0.0013473767321556807 0.0022037161979824305
0.002044446300715208 0.0022378559224307537
0.001097909058444202 0.0021728945430368185
0.0004627513699233532 0.002183785429224372
7.224067667266354e-05 0.0021432703360915184
0.000352401752024889 0.002157675800845027
-0.00043995431042276323 0.002140648430213332
-0.00195489265024662 0.0021493458189070225
-0.0014906825963407755 0.002150723710656166
-0.0004270377103239298 0.002132316818460822
0.0002128339110640809 0.002144875004887581
-4.0547845856053755e-05 0.0021453453227877617
-0.0003080439637415111 0.002156534232199192
-0.0003922673349734396 0.002117356052622199
-0.0013237011153250933 0.002100772922858596
-0.0013133663451299071 0.002142462180927396
0.00027012889040634036 0.002103174338117242
0.0015356470830738544 0.002086757915094495
0.0001809690147638321 0.0021020302083343267
0.0014499733224511147 0.002055485500022769
0.0001516180782346055 0.0021084416657686234
5.043783312430605e-05 0.0020874212495982647
0.0008606238989159465 0.002078480552881956
-0.00023830714053474367 0.002054220763966441
-0.0015189368277788162 0.001992024015635252
-0.0014425315894186497 0.0019699670374393463
-0.0005605269107036293 0.00195468426682055
-0.0004063920059707016 0.0019357261480763555
-0.0012200928758829832 0.0019537825137376785
-0.000772311759646982 0.001921482034958899
-0.001084675663150847 0.0019113814923912287
-0.0006698224460706115 0.001881857868283987
-0.0005568132037296891 0.0018977902363985777
0.00022932339925318956 0.0018916401313617826
-4.992261528968811e-05 0.0018455839017406106
-0.0004605694848578423 0.0018459715647622943
0.0004108274297323078 0.0018308480503037572
-0.0002004208799917251 0.0018317681970074773
-0.0003734971396625042 0.0018132430268451571
-0.0013369781663641334 0.0017645033076405525
-0.0010181718971580267 0.0017712600529193878
0.0006661537336185575 0.0017541239503771067
0.00040341378189623356 0.0017555246595293283
-7.332592213060707e-05 0.001722335466183722
-0.0001968954165931791 0.0017404890386387706
0.0009743931004777551 0.001710218726657331
0.0008959967526607215 0.001740997307933867
0.001494218478910625 0.0017336924793198705
0.0017640385776758194 0.0017324043437838554
0.0013770274817943573 0.001728926319628954
0.0006412325892597437 0.0017284798668697476
-4.806237848242745e-05 0.0017295598518103361
0.0007585682906210423 0.0017347220564261079
0.0005024407873861492 0.0017218433786183596
-0.0006440425640903413 0.0017461932729929686
-0.0008630519732832909 0.0017471087630838156
-0.00032333628041669726 0.0017630030633881688
-4.968070425093174e-05 0.001741853659041226
-0.0005245048669166863 0.001702736597508192
0.00017653306713327765 0.0016966077964752913
2.231822509202175e-05 0.001687475829385221
-0.0005159316351637244 0.0016668278258293867
-1.5868456102907658e-05 0.0016748517518863082
0.00032736826688051224 0.0016825159545987844
-0.0012007331242784858 0.0016740384744480252
-0.001305281650274992 0.0016576838679611683
-0.0008439620723947883 0.0016517884796485305
-0.0015103970654308796 0.0016313029918819666
-0.0009317250805906951 0.0016126955160871148
-0.001441903761588037 0.0015725294360890985
-0.0015478776767849922 0.0016114042373374104
-0.0014533165376633406 0.0016346967313438654
-0.0006584717775695026 0.0016468107933178544
-0.0005821743397973478 0.0016334082465618849
-0.0005038933595642447 0.0016360218869522214
-0.0013140591327100992 0.0016523005906492472
-0.0015947067877277732 0.001640042057260871
-0.0018110263627022505 0.0016160729574039578
-0.0015094594564288855 0.0015934229595586658
-0.001672942889854312 0.00160175038035959
-0.0010844717035070062 0.0015917366836220026
-0.0012293001636862755 0.0016253497451543808
-0.001483019907027483 0.0016005935613065958
-0.0008019909146241844 0.0015813999343663454
-0.00019811498350463808 0.0015599875478073955
-0.0005784741370007396 0.0015832799253985286
9.902524470817298e-05 0.0015335406642407179
-0.00010274670785292983 0.0015587013913318515
-0.0006359737017191947 0.001541123609058559
-1.8491933587938547e-05 0.0015156164299696684
6.873061647638679e-05 0.0015221815556287766
0.00022499632905237377 0.0015383405843749642
0.00042704277439042926 0.0015347333392128348
0.000618994701653719 0.0015022375155240297
-0.0001089761353796348 0.0014900981914252043
-8.566262840759009e-05 0.0014824989484623075
0.0005430106539279222 0.0014661302557215095
7.697491673752666e-05 0.0014574072556570172
-0.0012406418099999428 0.0014416914200410247
-0.0009197813924401999 0.0014703534543514252
-0.0008026786963455379 0.0014789414126425982
-0.0010086463298648596 0.0014882732648402452
-0.0003831727080978453 0.0014759995974600315
-0.0011584674939513206 0.0014784063678234816
-0.0013358298456296325 0.0014469929737970233
-0.000946889806073159 0.0014276455622166395
-0.0005027560982853174 0.0014293415006250143
-0.00019791325030382723 0.0014081639237701893
-0.00029134107171557844 0.001412546611391008
1.8824241124093533e-05 0.0014146375469863415
0.00037660117959603667 0.0013973970199003816
0.0007627240265719593 0.0013957630144432187
0.0010082351509481668 0.0014118864201009274
0.0007107991259545088 0.0014142883010208607
0.0007770398515276611 0.001406939118169248
0.0002933409414254129 0.001407463918440044
3.8977013900876045e-05 0.0014088632306084037
0.00034176133340224624 0.0014060251414775848
0.0011917948722839355 0.0013906870735809207
0.0017875132616609335 0.001388130127452314
0.0015577863669022918 0.0013808364747092128
0.0015280030202120543 0.0013615606585517526
0.0016877350863069296 0.001359553192742169
0.0007919638301245868 0.0013683094875887036
0.0007192936609499156 0.0013435957953333855
0.00033025615266524255 0.0013497084146365523
0.00017365218081977218 0.0013677944662049413
7.570216985186562e-05 0.0013519477797672153
-0.00034146610414609313 0.0013237252132967114
-0.00027615093858912587 0.0013135351473465562
-0.00019151772721670568 0.0013001692714169621
-0.00035876804031431675 0.0013055081944912672
-0.0006867926567792892 0.001287868246436119
-0.0007572068716399372 0.0012919451110064983
-8.027775766095147e-05 0.0012732644099742174
0.0003832865913864225 0.001270187902264297
0.00036933651426807046 0.0012737468350678682
0.0004262981819920242 0.001259078155271709
0.0003195402678102255 0.001249118009582162
0.0006500982563011348 0.001234638737514615
0.0009661164949648082 0.0012303973780944943
0.0010260769631713629 0.0012248887214809656
0.0007430588593706489 0.001223431434482336
0.0008684170315973461 0.0012251955922693014
0.0013022255152463913 0.0011970426421612501
0.0006356484955176711 0.0012024020543321967
0.0005031425971537828 0.001203195657581091
0.0013514398597180843 0.001197476638481021
0.0011023785918951035 0.001205452368594706
0.0007183681591413915 0.0011870439630001783
0.0008568167104385793 0.0011816179612651467
0.001210479182191193 0.001172612071968615
0.0008601007284596562 0.0011917484225705266
0.00141935795545578 0.0011736055603250861
0.0009738320368342102 0.0011774100130423903
0.0006134392460808158 0.0011694389395415783
0.0006100370083004236 0.0011736006708815694
0.00019612954929471016 0.0011697137961164117
-0.0003261535312049091 0.00115098780952394
3.5710851079784334e-05 0.0011409358121454716
-0.00033516084658913314 0.0011556065874174237
-8.217136928578839e-05 0.0011437638895586133
-0.0004709517816081643 0.0011210539378225803
-0.0006356763769872487 0.0011212662793695927
-0.0005078769754618406 0.0011240238090977073
-0.0011957957176491618 0.0011207024799659848
-0.0016805650666356087 0.0011089453473687172
-0.0011435251217335463 0.001103297108784318
-0.001306329621002078 0.0010939119383692741
-0.0013145346892997622 0.0010944884270429611
-0.0007358763250522316 0.0010944731766358018
-0.0007119426736608148 0.0010957374470308423
-0.0003183246008120477 0.0011056532384827733
-0.000287554576061666 0.0011166755575686693
-0.0005407005664892495 0.0011039769742637873
-0.0002448701998218894 0.0011082764249294996
0.0005850746529176831 0.001094022998586297
-5.5737222282914445e-05 0.0010908462572842836
0.0001897451002150774 0.0011011856840923429
0.00040086888475343585 0.0010931859724223614
0.0003931746759917587 0.001097104512155056
0.0005046721780672669 0.001084730145521462
0.0010459813056513667 0.0010893048020079732
0.0007152081234380603 0.0010859885951504111
0.0009216876933351159 0.0010788264917209744
0.0012077338760718703 0.0010887427488341928
0.0010852399282157421 0.0010807967046275735
0.0008852543542161584 0.0010832964908331633
0.0007383392658084631 0.0010670243063941598
0.000807053642347455 0.001069511054083705
0.0007059014169499278 0.0010570097947493196
0.000792100268881768 0.0010523642413318157
0.0008058467647060752 0.0010452750138938427
0.00015852818614803255 0.0010298463748767972
0.0006275703781284392 0.0010233919601887465
0.000652031390927732 0.0010244370205327868
0.0012255669571459293 0.001019828487187624
0.0011141346767544746 0.0010052509605884552
0.001507874927483499 0.0010059850756078959
0.0015424777520820498 0.0010072257136926055
0.0014165693428367376 0.00100618542637676
0.001627873512916267 0.001000554533675313
0.0021515823900699615 0.0010137648787349463
0.0015099532902240753 0.0010086284019052982
0.0014348505064845085 0.0010031554847955704
0.0009661664953455329 0.001009622821584344
0.0013696851674467325 0.001007875776849687
0.0011350647546350956 0.0010061801876872778
0.0016081465873867273 0.000997131341136992
0.0009522568434476852 0.0009790393523871899
0.0007130292942747474 0.000981502584181726
0.0009702215902507305 0.0009910616790875793
0.0005619407165795565 0.0009910999797284603
0.0010391445830464363 0.0009803002467378974
0.0012952352408319712 0.0009728833683766425
0.001579169649630785 0.000974396476522088
0.0018522643949836493 0.0009747834992595017
0.0016445027431473136 0.000981363351456821
0.0015426984755322337 0.0009586797095835209
0.001542855752632022 0.0009492597891949117
0.0009680473012849689 0.0009581524063833058
0.0008742620120756328 0.0009587128879502416
0.0007713331724517047 0.0009493686957284808
0.0007388000376522541 0.0009495405247434974
0.0008024051785469055 0.0009457219857722521
0.0009906850755214691 0.0009411071077920496
0.0009412752697244287 0.0009377042879350483
0.0008724458748474717 0.0009465385810472071
0.0007033629226498306 0.0009459739667363465
0.00014190623187460005 0.0009439467685297132
0.00012588672689162195 0.0009488874347880483
0.000385788269340992 0.0009361630654893816
0.00030581135069951415 0.0009333123452961445
0.00048050316399894655 0.0009263759711757302
0.0003128612879663706 0.0009346070582978427
0.0001344852353213355 0.0009391281637363136
0.00019568810239434242 0.0009282876271754503
-0.0002228530793217942 0.0009305694256909192
0.00028748586191795766 0.0009258533827960491
0.00031468289671465755 0.0009185897069983184
0.00030416640220209956 0.0009149481193162501
0.0001951269805431366 0.0009077567374333739
0.0006057337741367519 0.0009061692398972809
0.0005138581618666649 0.0008931737975217402
0.0005345864919945598 0.0008923524874262512
0.0005481934058479965 0.0008869773591868579
0.0006793576176278293 0.0008726274827495217
0.0004295273683965206 0.0008712215349078178
-7.042312063276768e-06 0.0008631128002889454
0.00011088695464422926 0.000868109695147723
0.0002148143685190007 0.0008699438185431063
0.0007970965234562755 0.0008725535590201616
0.0006541901966556907 0.0008655895944684744
0.0007147615542635322 0.0008637154824100435
0.0008203345350921154 0.0008530348422937095
0.0008205999038182199 0.0008479474345222116
0.0008520731935277581 0.0008501959964632988
0.0008415721240453422 0.0008429258596152067
0.0010402682237327099 0.0008396757184527814
0.0012300100643187761 0.000829240947496146
0.0007550818845629692 0.0008354553137905896
0.0007500280626118183 0.0008304902003146708
0.0004034717276226729 0.0008258830057457089
0.00047524820547550917 0.0008165733306668699
0.000599280814640224 0.0008109799819067121
0.001099542248994112 0.0008099197875708342
0.0011012291070073843 0.0008103333530016243
0.0012920245062559843 0.000817081774584949
0.0008693210547789931 0.0008169569773599505
0.0009423738229088485 0.0008100180421024561
0.0014714808203279972 0.0008008217555470765
0.0016981004737317562 0.0007967570563778281
0.0018147933296859264 0.0007825868087820709
0.002073246520012617 0.0007760765147395432
0.001859403564594686 0.0007746807532384992
0.0017123958095908165 0.0007731523946858943
0.0014352569123730063 0.0007725768955424428
0.0011676022550091147 0.0007692895596846938
0.0010381735628470778 0.0007632489432580769
0.0009504309855401516 0.0007532683666795492
0.0008255095453932881 0.0007510201539844275
0.0010322839953005314 0.0007478745537810028
0.0008023204281926155 0.0007496176986023784
0.0005080928676761687 0.0007460892666131258
0.0006693078903481364 0.0007354834815487266
0.0004774482804350555 0.0007304661558009684
0.0005446684663183987 0.0007320942240767181
0.0005512440111488104 0.0007288972847163677
0.0007891865679994226 0.0007215276709757745
0.000832273275591433 0.000724109064321965
0.0011227624490857124 0.0007213944918476045
0.001195463235490024 0.0007211178890429437
0.0012041789013892412 0.0007126381387934089
0.001085733063519001 0.0007099098875187337
0.0009712865576148033 0.0007088047568686306
0.0006841974682174623 0.0006987573578953743
0.00047060748329386115 0.0006991218542680144
0.0003496801946312189 0.0006914762197993696
0.00037489691749215126 0.0006913169054314494
0.00046231906162574887 0.0006891742814332247
-2.359389327466488e-05 0.0006928658694960177
-0.0001540614612167701 0.0006968016386963427
-0.00045590143417939544 0.0006918575963936746
-0.0005170608637854457 0.0006957935984246433
-0.0001868406980065629 0.0006931541138328612
-0.0001694295060588047 0.0006940130260773003
7.473083678632975e-05 0.0006923957844264805
0.00017227008356712759 0.0006862613372504711
0.00043078907765448093 0.000688879459630698
0.00016728913760744035 0.000688422005623579
0.00031464698258787394 0.0006899066502228379
0.0003023440367542207 0.0006878896965645254
0.00047411653213202953 0.0006938739097677171
0.0004718531563412398 0.0006875873659737408
0.00015922030434012413 0.0006815465749241412
-5.057089583715424e-05 0.000685462960973382
-6.759461939509492e-06 0.0006813600193709135
1.8965143681271002e-05 0.0006759706302545965
0.0002968187618535012 0.0006645210669375956
0.00029826798709109426 0.0006675779004581273
0.0003280983946751803 0.0006659725913777947
0.00035821396159008145 0.0006582012283615768
0.0002979777636937797 0.0006554595311172307
0.0004807055229321122 0.0006443228339776397
0.0006925796624273062 0.0006407645414583385
0.0009619173943065107 0.0006377295358106494
0.0008620022563263774 0.0006422052974812686
0.0012037130072712898 0.000632590614259243
0.000955493189394474 0.0006284175906330347
0.0010492627043277025 0.0006230482249520719
0.0010126475244760513 0.0006184052908793092
0.0009743873379193246 0.0006162896170280874
0.0008093342185020447 0.0006107669323682785
0.0010051860008388758 0.0006097685545682907
0.0008271258557215333 0.0006022637826390564
0.0007906686514616013 0.000599993858486414
0.0007461000932380557 0.0005986545002087951
0.0004369209927972406 0.0005957740941084921
0.0003312285989522934 0.0005905753932893276
0.0002355258766328916 0.0005861293757334352
0.0003629611455835402 0.0005871452740393579
0.00021616026060655713 0.0005803504027426243
0.00018698087660595775 0.0005756144528277218
0.00021355626813601702 0.0005733013385906816
6.965194188524038e-05 0.0005677271401509643
0.0001475329336244613 0.0005671120015904307
0.0002154175890609622 0.0005640313611365855
9.96019080048427e-05 0.0005602535093203187
-8.793680171947926e-05 0.0005575426039285958
-0.00023650177172385156 0.0005507690948434174
-5.5432690714951605e-05 0.0005467918235808611
-0.0004283084999769926 0.0005361307412385941
-0.0004011091950815171 0.0005304431542754173
-0.0003187195397913456 0.000526237825397402
-0.00046646184637211263 0.0005271148984320462
-0.0006009436910971999 0.0005264294450171292
-0.000636928656604141 0.0005230549140833318
-0.0005500299157574773 0.0005228902446106076
-0.0003335001820232719 0.0005207789945416152
-9.927368955686688e-05 0.0005219983286224306
-0.00022402852482628077 0.000521054957062006
-0.00017942697741091251 0.0005152201047167182
-9.327793668489903e-05 0.000510745623614639
0.00012583713396452367 0.0005114579689688981
-1.8109451048076153e-05 0.0005097194225527346
-0.0001972076715901494 0.0005106847384013236
-0.00018356670625507832 0.0005095087108202279
-0.00025905296206474304 0.0005142945447005332
-5.2353872888488695e-05 0.0005107629694975913
7.605549035361037e-05 0.0005072512431070209
9.138660971075296e-06 0.0005064709112048149
3.399571869522333e-05 0.0005043262499384582
0.00015547973453067243 0.0004999078228138387
0.00029129028553143144 0.0004967060522176325
0.0001898338960018009 0.0004914973396807909
0.00015479797730222344 0.0004935557371936738
0.00019336774130351841 0.0004909567069262266
0.0001666135503910482 0.0004903333610855043
6.779053364880383e-05 0.0004880501364823431
-8.238289592554793e-05 0.00048410348244942725
-1.0615370229061227e-05 0.00047936936607584357
-9.478209540247917e-05 0.00047845562221482396
0.00014152764924801886 0.00047416193410754204
0.00014791925786994398 0.0004685873573180288
-2.1377298253355548e-05 0.0004700658901128918
-0.00016856360889505595 0.0004658908292185515
-0.00026503601111471653 0.00046728254528716207
-0.0002444880083203316 0.0004629564064089209
-0.00014049618039280176 0.00046552473213523626
-7.076223846524954e-05 0.00045975547982379794
-4.6796147216809914e-05 0.00045207852963358164
-0.00010974817996611819 0.0004531199228949845
-5.381463324738434e-06 0.0004508089041337371
0.00021695505711250007 0.00044560767128132284
0.0004180989635642618 0.0004428857646416873
0.00042394010233692825 0.0004360935417935252
0.0003483551263343543 0.0004335407866165042
0.0004323506145738065 0.0004323988105170429
0.00030212069395929575 0.00042717086034826934
0.000183063602889888 0.00042459910036996007
0.00027819728711619973 0.00042424764251336455
9.000161662697792e-05 0.00041945211705751717
-2.5567365810275078e-05 0.0004205128934700042
-0.0001402931520715356 0.00041513427277095616
-0.00017618105630390346 0.0004150056338403374
-0.00015969699597917497 0.00041292025707662106
-2.5770394131541252e-05 0.00040824926691129804
4.6722590923309326e-05 0.0004033223958685994
1.4855856534268241e-05 0.0003965474897995591
2.2232834453461692e-05 0.00039421525434590876
4.912332951789722e-05 0.0003913035034202039
-2.3996341042220592e-05 0.00038512141327373683
-0.00010821454634424299 0.0003851281071547419
1.1530744359333767e-06 0.0003791501803789288
-9.892669913824648e-05 0.00037602096563205123
0.00010712310904636979 0.00037547710235230625
0.00031308032339438796 0.00036624950007535517
0.00010859808389795944 0.00036333160824142396
0.00017500958347227424 0.0003617769980337471
0.00021049536007922143 0.00035902648232877254
0.00031297755776904523 0.0003552782000042498
0.0003434503450989723 0.00035195559030398726
0.0003676715714391321 0.0003483220061752945
0.0003815250820480287 0.0003461425076238811
0.0003754672361537814 0.0003439104475546628
0.00040500934119336307 0.00033976041595451534
0.0004489541461225599 0.0003341903502587229
0.000511344987899065 0.0003348819736856967
0.0006317165098153055 0.00032937974901869893
0.0005056164227426052 0.0003251155430916697
0.0005328507395461202 0.0003214500902686268
0.0006669583963230252 0.00031511482666246593
0.0007284937892109156 0.00031334164668805897
0.0007556822965852916 0.00030880255508236587
0.0007738495478406549 0.00030682107899338007
0.0006083983462303877 0.0003050855011679232
0.0007039151969365776 0.00030306109692901373
0.0005288598476909101 0.0003022658929694444
0.000511971942614764 0.0003004814498126507
0.0003486216883175075 0.00030046937172301114
0.00040482240729033947 0.00029518117662519217
0.0003223117673769593 0.0002925811568275094
0.00014788754924666137 0.0002901297702919692
2.51552410190925e-05 0.00028985089738853276
0.00013677692913915962 0.0002856901555787772
0.00019379204604774714 0.00028306650347076356
6.255554035305977e-05 0.0002784221724141389
8.725652878638357e-05 0.0002753183071035892
0.00011247090151300654 0.0002697946038097143
1.6821297322167084e-05 0.0002631028473842889
6.874046084703878e-05 0.00025933035067282617
6.228747952263802e-05 0.0002566455805208534
9.757987572811544e-05 0.0002538890403229743
0.00013812606630381197 0.00025049439864233136
0.00015388865722343326 0.0002480982802808285
7.29933672118932e-05 0.00024348190345335752
9.258011414203793e-05 0.00024030216445680708
0.00023052061442285776 0.00023676553973928094
0.0003121421323157847 0.00023473959299735725
0.0003155791782774031 0.0002303792571183294
0.00032447458943352103 0.00022813185933046043
0.0005037685623392463 0.0002250663237646222
0.0005244538187980652 0.00022210953466128558
0.0004930191207677126 0.00021942945022601634
0.0005106431781314313 0.00021627389651257545
0.0002914258511736989 0.00021267386910039932
0.00024283192760776728 0.00020905787823721766
0.00040798878762871027 0.00020401169604156166
0.0003141916822642088 0.00020119952387176454
0.0002779005444608629 0.00019908350077457726
0.00026240386068820953 0.00019754114327952266
0.00020654767286032438 0.00019440871255937964
0.0001557360665174201 0.00019066712411586195
0.0002076708769891411 0.00018913466192316264
0.0001502950326539576 0.00018479461141396314
0.00022885014186613262 0.00018345499120187014
0.00023395147582050413 0.00017968534666579217
0.0002291901910211891 0.00017673544061835855
0.00010677778482204303 0.0001734997786115855
0.00014601147267967463 0.00017026068235281855
0.0001462596992496401 0.0001662404101807624
0.00010910246055573225 0.00016337292618118227
0.00011527322931215167 0.000160327777848579
-1.171144685940817e-05 0.00015786080621182919
-4.582401743391529e-05 0.00015483374590985477
-7.119106885511428e-05 0.00015209750563371927
-4.3137646571267396e-05 0.00014861543604638427
1.9473845895845443e-05 0.0001461660722270608
-3.8949801819399e-06 0.00014253998233471066
3.182666114298627e-05 0.00013910191773902625
2.531885911594145e-05 0.00013566196139436215
4.580398672260344e-05 0.00013134897744748741
8.63300811033696e-05 0.00012786149454768747
0.0001047862388077192 0.00012368256284389645
4.584438283927739e-05 0.00012073236575815827
6.995777221163735e-05 0.00011720084876287729
0.00015053994138725102 0.00011290691327303648
0.00018958066357299685 0.0001097907152143307
3.516399738145992e-05 0.00010624473361531273
3.0287596018752083e-05 0.00010323398601030931
2.1222445866442285e-05 0.00010037304309662431
5.3504940296988934e-05 9.731688624015078e-05
9.577100718161091e-05 9.46831569308415e-05
0.00012049714860040694 9.201656212098897e-05
4.2462110286578536e-05 8.871768659446388e-05
2.603661960165482e-05 8.594625251134858e-05
1.5937852367642336e-05 8.247215009760112e-05
1.1976464520557784e-05 7.954423927003518e-05
1.5061140402394813e-05 7.626881415490061e-05
6.023167952662334e-05 7.34756831661798e-05
4.9892736569745466e-05 7.046349492156878e-05
5.6984994444064796e-05 6.734725320711732e-05
-1.1977657550232834e-06 6.420082354452461e-05
