0.17109602689743042 0.3274867832660675
-0.7633420825004578 0.40949004888534546
-0.6837342977523804 0.41063132882118225
-0.5965795516967773 0.4065588414669037
-0.5101419687271118 0.3920746445655823
-0.4037497639656067 0.38792043924331665
-0.2769263684749603 0.41834697127342224
-0.13856223225593567 0.4950369596481323
-0.07007090002298355 0.5494542121887207
-0.03750842809677124 0.5780137181282043
-0.03531714528799057 0.5870903134346008
-0.04600324481725693 0.5872088074684143
-0.09597508609294891 0.5850978493690491
-0.055728133767843246 0.5975936055183411
-0.46095502376556396 0.7715156674385071
-0.45374640822410583 0.7625217437744141
-0.2090267539024353 0.5911628007888794
0.16942432522773743 0.6774486899375916
0.16870126128196716 0.6763520240783691
0.16436032950878143 0.6710326075553894
0.11829821765422821 0.633230984210968
-0.2059231996536255 0.5623586177825928
0.04646670073270798 0.5855972170829773
-0.4592055678367615 0.7678715586662292
-0.43414732813835144 0.7333150506019592
-0.060802385210990906 0.5948954820632935
-0.06742927432060242 0.5850213170051575
-0.047579001635313034 0.5517863035202026
-0.4595474600791931 0.7678822875022888
-0.4107609689235687 0.7074379920959473
0.16332493722438812 0.6653774380683899
0.07865805178880692 0.589052140712738
-0.03469917178153992 0.57816082239151
-0.030913596972823143 0.5453668236732483
-0.08777429163455963 0.49160686135292053
-0.07226267457008362 0.42848220467567444
0.11607418954372406 0.34645092487335205
0.08928616344928741 0.2148529440164566
-0.3218544125556946 0.5618311762809753
-0.13336174190044403 0.5477591753005981
0.14777031540870667 0.3793562054634094
0.45150327682495117 0.2619054615497589
-0.4708588123321533 0.6143954992294312
-0.044583454728126526 0.27995631098747253
0.4578627049922943 0.15965783596038818
0.15348270535469055 0.3400975167751312
0.2610418498516083 0.19462335109710693
-1.087772011756897 0.2293473482131958
-0.6903671026229858 0.33707866072654724
-0.120409294962883 0.3851179778575897
0.2378515899181366 0.24713711440563202
-0.07195703685283661 0.3339489698410034
0.2704465091228485 0.3096979558467865
0.12335731089115143 0.3170877993106842
-0.30525898933410645 0.5975910425186157
-0.017447207123041153 0.4123561978340149
0.5166839361190796 0.24853183329105377
-0.16087569296360016 0.42980483174324036
0.1895526647567749 0.33412712812423706
0.10681326687335968 0.21001237630844116
-0.2297007292509079 0.15704956650733948
0.7209564447402954 0.2131156027317047
0.5945537090301514 0.27295413613319397
0.408773273229599 0.34043532609939575
0.2109384983778 0.4386211633682251
0.5182791352272034 0.2727873623371124
0.4076962471008301 0.36160609126091003
0.4397943913936615 0.3083624839782715
0.42481571435928345 0.284290611743927
0.22570101916790009 0.30334001779556274
0.02068750001490116 0.3324609398841858
0.7451736330986023 0.2100060135126114
0.676645040512085 0.23344531655311584
0.5416172742843628 0.29983827471733093
0.44211697578430176 0.31750473380088806
0.42371946573257446 0.3174974322319031
0.4050004184246063 0.3179621696472168
0.5299892425537109 0.23034758865833282
0.3022106885910034 0.3425940275192261
0.13300612568855286 0.32594650983810425
0.316290020942688 0.36480337381362915
0.44160255789756775 0.24228321015834808
-0.031702570617198944 0.39401933550834656
0.5497933626174927 0.19870933890342712
0.21955299377441406 0.38733798265457153
0.16418775916099548 0.32857710123062134
0.14455926418304443 0.2407924234867096
0.38573575019836426 0.18193486332893372
-0.4096470773220062 0.6857741475105286
0.16304844617843628 0.572554349899292
0.2989513576030731 0.32803627848625183
0.15504896640777588 0.32118985056877136
0.29936450719833374 0.22456412017345428
-0.31919753551483154 0.5814435482025146
0.5562638640403748 0.17845621705055237
0.15564078092575073 0.39041173458099365
0.2032100409269333 0.3075326383113861
0.24138478934764862 0.2244325578212738
0.008727950043976307 0.3249225616455078
0.7558216452598572 0.16946597397327423
0.47166845202445984 0.22387850284576416
-0.05321615934371948 0.3981557786464691
0.4696613550186157 0.23135364055633545
0.15796664357185364 0.2996535003185272
0.0957828015089035 0.248891681432724
0.557148814201355 0.1554035097360611
-0.3500203788280487 0.5767222046852112
0.24574410915374756 0.32249805331230164
0.2439461350440979 0.25529053807258606
0.022974466904997826 0.2440185695886612
0.24287602305412292 0.21971146762371063
-0.5225949883460999 0.21775765717029572
0.4530601501464844 0.2482660859823227
0.26617398858070374 0.23025508224964142
0.1297469139099121 0.1628187894821167
-0.036170635372400284 0.2070697396993637
0.25313159823417664 0.3521711826324463
-0.45111513137817383 0.22931189835071564
0.3619947135448456 0.22172513604164124
0.11839403957128525 0.2583698034286499
0.19488362967967987 0.14953207969665527
-0.7054158449172974 0.1955258846282959
0.32675471901893616 0.19048574566841125
-0.22163419425487518 0.18029086291790009
0.5795867443084717 0.18202169239521027
-0.005234194919466972 0.2212669551372528
-0.1810617744922638 0.19766627252101898
0.2827615737915039 0.2854861319065094
0.1547214388847351 0.18189717829227448
-0.14612776041030884 0.1569208800792694
0.5968946218490601 0.21416331827640533
0.16487720608711243 0.22389660775661469
-0.3038305640220642 0.18933482468128204
0.5207024812698364 0.17119768261909485
0.07023733854293823 0.28301846981048584
-0.052607037127017975 0.13599911332130432
0.27353236079216003 0.21060635149478912
-0.4000934064388275 0.21626192331314087
0.45245394110679626 0.1958622932434082
-0.01565496250987053 0.21529026329517365
-0.061887264251708984 0.11198882758617401
0.3586639165878296 0.14909899234771729
-0.5013667941093445 0.1131163015961647
0.49156615138053894 0.18376047909259796
0.18635541200637817 0.22255368530750275
0.06581917405128479 0.12745946645736694
0.12734352052211761 0.09873836487531662
-0.43043094873428345 0.14464114606380463
0.39574524760246277 0.2143750935792923
0.028815586119890213 0.17249524593353271
0.03550027683377266 0.09807819128036499
-0.2211453914642334 0.1483803540468216
0.41544267535209656 0.14515013992786407
-0.2810896635055542 0.18900345265865326
0.4323539733886719 0.15777553617954254
0.01926947757601738 0.16518163681030273
0.10573852062225342 0.114573635160923
-0.18426696956157684 0.22724512219429016
0.44400542974472046 0.10197421908378601
-0.49583572149276733 0.11563123762607574
0.4058187007904053 0.11452076584100723
-0.09661801904439926 0.14151054620742798
0.22194598615169525 0.0827648937702179
-0.5752707719802856 0.09724688529968262
0.3912012577056885 0.12432931363582611
-0.21548381447792053 0.1083465963602066
0.38704001903533936 0.07948541641235352
-0.537584662437439 0.10591711848974228
0.4100404381752014 0.07616982609033585
-0.24118642508983612 0.09199240058660507
0.4424443244934082 0.07535991817712784
-0.4132821559906006 0.07090049237012863
0.4217003285884857 0.09020500630140305
-0.1464196741580963 0.08421424776315689
0.3274238109588623 0.0694449171423912
-0.5179499387741089 0.08386000245809555
0.3271201252937317 0.10865083336830139
-0.2229943722486496 0.06456289440393448
0.47136902809143066 0.06879141926765442
-0.32033395767211914 0.06176603585481644
0.40012186765670776 0.07095105201005936
-0.29320666193962097 0.06335487961769104
0.4293469786643982 0.057196203619241714
-0.3480764627456665 0.06274645775556564
0.3812006413936615 0.061540406197309494
-0.2638098895549774 0.06521099805831909
0.4099888205528259 0.05188506469130516
-0.3413717746734619 0.05561205372214317
0.37661516666412354 0.05720173195004463
-0.2458864152431488 0.06464716047048569
0.3670547604560852 0.04560151696205139
-0.3470754623413086 0.05252712965011597
0.3507769703865051 0.05139528587460518
-0.2715071439743042 0.05284872278571129
0.35729262232780457 0.04525987431406975
-0.32693907618522644 0.04912228137254715
0.3450160026550293 0.04669153690338135
-0.2780742049217224 0.054429829120635986
0.31766337156295776 0.04947010055184364
-0.2858796715736389 0.04566396027803421
0.34591418504714966 0.042488135397434235
-0.24803239107131958 0.05001110956072807
0.30714333057403564 0.042245857417583466
-0.28470855951309204 0.04269075766205788
0.3089352250099182 0.03916792944073677
-0.2651352286338806 0.039630502462387085
0.3147840201854706 0.0396294929087162
-0.2621467709541321 0.0401967316865921
0.26746976375579834 0.037752777338027954
-0.2687671184539795 0.04011983424425125
0.24870097637176514 0.04486602917313576
-0.24080979824066162 0.036138471215963364
0.2786587178707123 0.0358600839972496
-0.2514994740486145 0.03899190202355385
0.2060963213443756 0.037416815757751465
-0.26489701867103577 0.033153653144836426
0.25261390209198 0.03407878801226616
-0.23655438423156738 0.034039221704006195
0.23968736827373505 0.03586567938327789
-0.22698798775672913 0.03556554391980171
0.1942661851644516 0.03521765023469925
-0.22982177138328552 0.026986632496118546
0.2457675337791443 0.031342506408691406
-0.22232918441295624 0.033856093883514404
0.20194636285305023 0.0328277088701725
-0.20650336146354675 0.02722024917602539
0.21718335151672363 0.03103386051952839
-0.19779402017593384 0.026871448382735252
0.20265454053878784 0.03046705387532711
-0.20111903548240662 0.027828842401504517
0.18636934459209442 0.028694242238998413
-0.19587600231170654 0.026610272005200386
0.1787842959165573 0.026247568428516388
-0.19407372176647186 0.027645176276564598
0.1658591479063034 0.025344297289848328
-0.17573460936546326 0.024972904473543167
0.17280983924865723 0.02718329429626465
-0.16423556208610535 0.023814033716917038
0.1518823802471161 0.024292217567563057
-0.1582517921924591 0.024089090526103973
0.16330769658088684 0.022839847952127457
-0.1564776450395584 0.020980022847652435
0.15516099333763123 0.02205493673682213
-0.16254477202892303 0.020715299993753433
0.15034455060958862 0.022008754312992096
-0.14677782356739044 0.022376075387001038
0.13033728301525116 0.02370394580066204
-0.1275949627161026 0.025758707895874977
0.09838072955608368 0.025244655087590218
-0.10184906423091888 0.02626224234700203
0.08948062360286713 0.02803472802042961
-0.09163620322942734 0.028466612100601196
0.07910358905792236 0.027128642424941063
-0.08384285867214203 0.030397890135645866
0.06734423339366913 0.02321571484208107
-0.07665731012821198 0.023469217121601105
0.08154772222042084 0.023998916149139404
-0.08563250303268433 0.02103155292570591
0.08232962340116501 0.018860602751374245
-0.09870009124279022 0.02106448821723461
0.08741402626037598 0.022941289469599724
-0.09209295362234116 0.019104816019535065
0.0946112722158432 0.018196340650320053
-0.09352865070104599 0.017136026173830032
0.08940621465444565 0.018840450793504715
-0.08327513188123703 0.019373241811990738
0.07301080971956253 0.01992764323949814
-0.07015921920537949 0.0166170671582222
0.07223276793956757 0.014697819948196411
-0.07280957698822021 0.014949045144021511
0.07778224349021912 0.017436504364013672
-0.06975783407688141 0.01963278464972973
0.06468196213245392 0.017510879784822464
-0.047553256154060364 0.014624007977545261
0.049237292259931564 0.014711565338075161
-0.04825877770781517 0.017285751178860664
0.04567476361989975 0.01823877915740013
-0.04281600937247276 0.01602374017238617
0.04269544407725334 0.01497487910091877
-0.03999599441885948 0.015374544076621532
0.0386740043759346 0.01517909299582243
-0.03392627090215683 0.015641428530216217
0.028262946754693985 0.017704054713249207
-0.02197946421802044 0.01379651390016079
0.02594783902168274 0.01278758980333805
-0.021268334239721298 0.012000856921076775
0.03479882702231407 0.012015572749078274
-0.028333669528365135 0.014010966755449772
0.028405755758285522 0.013824877329170704
-0.020259113982319832 0.012465032748878002
0.022041935473680496 0.011796454899013042
-0.024739500135183334 0.012175224721431732
0.024681663140654564 0.013507647439837456
-0.02094709873199463 0.013730685226619244
0.018486078828573227 0.012685523368418217
-0.016461476683616638 0.011666670441627502
0.019483480602502823 0.012567953206598759
-0.013262689113616943 0.012336550280451775
0.014340437948703766 0.01102220918983221
-0.009734978899359703 0.010886703617870808
0.010800745338201523 0.010042574256658554
-0.013986991718411446 0.01116211712360382
0.010551130399107933 0.01203359104692936
-0.006168767809867859 0.011350591666996479
0.01797538809478283 0.010704034008085728
-0.014779442921280861 0.01150675117969513
0.016180939972400665 0.01174360141158104
-0.008004537783563137 0.010407895781099796
0.006498650647699833 0.00926611851900816
-0.014425496570765972 0.009976317174732685
0.010511461645364761 0.010582320392131805
-0.008299408480525017 0.010640536434948444
0.013965251855552197 0.010619762353599072
-0.005507014691829681 0.010039436630904675
0.009586856700479984 0.009210681542754173
-0.004227915778756142 0.008566895499825478
0.006096944212913513 0.008306261152029037
-0.005719935055822134 0.009178358130156994
0.000458298425655812 0.009696073830127716
-0.002637423574924469 0.009384690783917904
0.0061232782900333405 0.00795308593660593
-0.00396095123142004 0.007856695912778378
0.0020613449160009623 0.008823048323392868
0.0023941057734191418 0.008266485296189785
0.003354927059262991 0.00733649916946888
-0.0004513158346526325 0.007972369901835918
-0.0006559211760759354 0.007820007391273975
0.004341287538409233 0.008737321943044662
0.003460916457697749 0.00797409936785698
0.005956418812274933 0.008385171182453632
-0.0022840150631964207 0.007655632216483355
0.006723407190293074 0.0074192918837070465
-0.00046200919314287603 0.0077375140972435474
0.003607500810176134 0.007376770488917828
-0.0004336770798545331 0.007474682293832302
0.0009100539609789848 0.007249726448208094
0.0017702130135148764 0.00751018850132823
0.007069778628647327 0.0071583399549126625
-0.003584166057407856 0.007205100730061531
0.0013374401023611426 0.006876461207866669
-0.003658493049442768 0.006699145305901766
0.0038329267408698797 0.0062432847917079926
-0.002567380666732788 0.0062718698754906654
0.005362165626138449 0.0066431546583771706
0.0001998200750676915 0.006457476411014795
0.0025271165650337934 0.006245830096304417
-0.003736276878044009 0.006316035054624081
0.00031429127557203174 0.006252673454582691
0.00016289546329062432 0.00636929739266634
0.003964223433285952 0.006416735239326954
-0.0036392412148416042 0.006622416898608208
-0.0019077545730397105 0.006131020374596119
0.00010836869478225708 0.006699642166495323
0.0014259533490985632 0.006558334920555353
-0.00014584138989448547 0.006531200371682644
-0.0019233468919992447 0.006149350665509701
0.0012754062190651894 0.006058627739548683
0.0024177664890885353 0.005764407571405172
-0.0017424698453396559 0.005916102789342403
-0.0010124578839167953 0.0056719230487942696
-0.0007279862184077501 0.005484873428940773
-0.0035304136108607054 0.0053547341376543045
0.0027532954700291157 0.005340405739843845
0.0011814379831776023 0.005378867033869028
0.003745424561202526 0.005758682265877724
-0.001734942547045648 0.005577082745730877
0.002415589988231659 0.005319862626492977
0.0007068638224154711 0.005349636543542147
-0.00041796392179094255 0.005345693323761225
0.0020187050104141235 0.005243295803666115
-0.00030469708144664764 0.0051934137009084225
-0.0003509026428218931 0.0051364898681640625
0.0017857914790511131 0.00523664616048336
-0.0010597347281873226 0.00506246043369174
0.001052633160725236 0.005035729147493839
0.003293154761195183 0.004995257128030062
0.0024923665914684534 0.005040341056883335
0.002261063549667597 0.00509833637624979
0.001201385399326682 0.00501081021502614
0.0015229813288897276 0.0049935816787183285
-0.001600834890268743 0.004866257309913635
0.0013793305261060596 0.00482367305085063
-0.0016894713044166565 0.004853888880461454
-0.0015890947543084621 0.004771017003804445
0.00471200468018651 0.0047032637521624565
2.9174689188948832e-05 0.004782230593264103
0.0015178893227130175 0.004678142257034779
0.002445960883051157 0.004650423768907785
0.0024510035291314125 0.004507764708250761
0.002272879472002387 0.0045644319616258144
0.0019355237018316984 0.004537147469818592
0.005296390503644943 0.004515461623668671
0.00239642639644444 0.004481768235564232
0.0017242997419089079 0.004400592762976885
-0.001386062242090702 0.004462589975446463
0.000911317765712738 0.0044531929306685925
0.0005014603957533836 0.004430376924574375
0.00034403460449539125 0.004324465524405241
0.00530035188421607 0.004281280562281609
0.0025175646878778934 0.004307919181883335
0.0007086893310770392 0.004352463409304619
2.6115837954421295e-06 0.004412722773849964
0.0016087483381852508 0.004305240698158741
0.0025744165759533644 0.004361246712505817
0.00035962005495093763 0.004296848550438881
0.0009640931966714561 0.004269000142812729
0.005450966767966747 0.004262647125869989
0.004716492258012295 0.004237174987792969
0.0014037215150892735 0.0042039076797664165
0.0002811670710798353 0.004194779321551323
-0.0006804975564591587 0.0041509466245770454
-0.001412232406437397 0.0040629892610013485
2.6704277843236923e-05 0.004076564218848944
0.001247331965714693 0.004036611411720514
0.001930283848196268 0.003949142526835203
0.004216101951897144 0.004046423360705376
0.0015335872303694487 0.003940016962587833
0.0009602358331903815 0.0039458805695176125
-0.0006190480198711157 0.00399708142504096
-0.0002021907566813752 0.004059977829456329
0.003682611510157585 0.0039979154244065285
0.0016213040798902512 0.003975795116275549
0.0010339971631765366 0.00392899289727211
0.0008510400075465441 0.003877798793837428
-0.0023754416033625603 0.0038365740329027176
-0.0016714183147996664 0.00383954425342381
-0.0010289822239428759 0.0038401077035814524
0.0015986405778676271 0.0038750094827264547
0.00029336404986679554 0.003812094684690237
0.0020549974869936705 0.0038310973905026913
0.0003507047367747873 0.003766964189708233
0.0007734570535831153 0.0038474940229207277
-0.00017648003995418549 0.00383359519764781
0.0016847734805196524 0.0036846818402409554
0.00173036172054708 0.0037295259535312653
0.0001441218628315255 0.003733800258487463
-0.0014363809023052454 0.003642122261226177
-0.0006390361813828349 0.0036220639012753963
-3.541851037880406e-05 0.0035157366655766964
0.0026840949431061745 0.003517040517181158
0.003877869574353099 0.003500776132568717
0.002122578676789999 0.0035403233487159014
0.0007658214308321476 0.003528985194861889
0.0008139255223795772 0.003528814995661378
0.0012700289953500032 0.003479236736893654
0.0014564280863851309 0.003460611216723919
0.002510644495487213 0.003461159998551011
7.592607289552689e-05 0.003441199893131852
0.001720420434139669 0.0033910900820046663
0.003773237345740199 0.0033411644399166107
0.0022107784170657396 0.003375675529241562
0.0021703955717384815 0.003352111903950572
0.00018186825036536902 0.003380850423127413
0.0008281347109004855 0.003302023047581315
-0.0009580375044606626 0.0033353848848491907
-0.0009881261503323913 0.0032292362302541733
-0.0006016703555360436 0.003246694803237915
3.3721717045409605e-05 0.0032613244839012623
0.00039643095806241035 0.003361681243404746
0.0012405780144035816 0.003254540730267763
0.001017292495816946 0.0032564892899245024
-0.0006921307067386806 0.0032365054357796907
-0.00028277741512283683 0.003245028667151928
0.000637123070191592 0.0032079245429486036
0.0001706085167825222 0.00320789054967463
7.915271999081597e-05 0.0031984939705580473
-0.0002896134683396667 0.003216489451006055
-0.00018032120715361089 0.003217988181859255
-0.000526679796166718 0.0031447538640350103
-0.0017247212817892432 0.003165988251566887
-0.001224225270561874 0.003189563285559416
0.00017478100198786706 0.003110303310677409
0.0001948314456967637 0.003094597952440381
0.0003290698805358261 0.003102994989603758
0.0005004184204153717 0.0030818518716841936
-0.0005419698427431285 0.0030534553807228804
0.00029089272720739245 0.0031398532446473837
0.00042268092511221766 0.003056064248085022
-4.1294457332696766e-05 0.003033291082829237
-0.00026796385645866394 0.003019689116626978
-0.00035462513915263116 0.003026610938832164
-0.00069364660885185 0.0030563750769943
0.0007130614249035716 0.0030669632833451033
0.001421893946826458 0.003058941103518009
0.0018279168289154768 0.003028326900675893
0.0028304315637797117 0.002996089169755578
0.0017607699846848845 0.0029535130597651005
0.0020284370984882116 0.002933856099843979
0.0027363752014935017 0.002973683411255479
0.0018634730949997902 0.0028976963367313147
0.0011659060837700963 0.0029605457093566656
0.0006860377616249025 0.0029209712520241737
0.0008118199184536934 0.0029494804330170155
-1.1469548553577624e-05 0.0028850024100393057
-0.001693765982054174 0.0029176718089729548
-0.0015575637808069587 0.0028926299419254065
-0.0006447517080232501 0.0028893088456243277
-5.212721225689165e-05 0.0029198178090155125
-0.00019097793847322464 0.002897530561313033
-0.0004203943535685539 0.0028837695717811584
-0.0005594659014604986 0.0029060752131044865
-0.0014956028899177909 0.0028890101239085197
-0.0017045289278030396 0.0028803800232708454
-0.00019536679610610008 0.002866562223061919
0.0011799022322520614 0.002833463717252016
-2.191169187426567e-06 0.002845261013135314
0.0013050365960225463 0.002744337311014533
0.00017699615273158997 0.0028116025496274233
-4.923747383145383e-06 0.002757088979706168
0.0007627587765455246 0.002770493272691965
-0.00023408808920066804 0.0027500076685100794
-0.0015293280594050884 0.002662895480170846
-0.0016014862339943647 0.0026546637527644634
-0.0008318201871588826 0.0026187067851424217
-0.000626346271019429 0.0026130396872758865
-0.0015234258025884628 0.00263926456682384
-0.0011436822824180126 0.002571509452536702
-0.0014913007616996765 0.0025753264781087637
-0.001142068300396204 0.0025663080159574747
-0.0009946065256372094 0.0025997383054345846
-0.00021757069043815136 0.0025626516435295343
-0.00033715018071234226 0.002525618067011237
-0.0006874482496641576 0.002536173677071929
0.00019237030937802047 0.0025136293843388557
-0.0003137887397315353 0.002496988046914339
-0.00044593759230338037 0.0024653885047882795
-0.0013678623363375664 0.0024197630118578672
-0.0013072894653305411 0.0024244615342468023
0.00033510831417515874 0.0023797648027539253
0.00016300322022289038 0.0024014939554035664
-0.0001737291313474998 0.002388610504567623
-0.0002521909191273153 0.0023975069634616375
0.000928077264688909 0.0023635011166334152
0.0009918203577399254 0.002393482718616724
0.0016898027388378978 0.0023761640768498182
0.002080547623336315 0.0023459363728761673
0.0018948419019579887 0.0023722273763269186
0.0012024340685456991 0.0023584363516420126
0.0004871466080658138 0.002368534216657281
0.0012090234085917473 0.002370098140090704
0.0009770351462066174 0.002364278305321932
-0.00021070723596494645 0.0024161895271390676
-0.0005568034248426557 0.0024292953312397003
-9.896303527057171e-05 0.0024362981785088778
0.0001282370649278164 0.0024171441327780485
-0.00038957869401201606 0.002392939291894436
0.00022498925682157278 0.002384643768891692
8.987532783066854e-05 0.0023538749665021896
-0.00043160724453628063 0.002341385930776596
9.687384590506554e-06 0.0023428129497915506
0.00033372658072039485 0.002331320196390152
-0.0011637464631348848 0.002324392320588231
-0.0013829473173245788 0.0022966235410422087
-0.0010645873844623566 0.0022866767831146717
-0.0017759510083124042 0.0022516241297125816
-0.0013254041550680995 0.0022208120208233595
-0.0018364842981100082 0.00216959067620337
-0.002015350852161646 0.002202641451731324
-0.002022963482886553 0.0022389418445527554
-0.0012383253779262304 0.0022381474263966084
-0.0011502509005367756 0.002232359955087304
-0.001044595381245017 0.00225051655434072
-0.0017981540877372026 0.0022654577624052763
-0.002135499147698283 0.0022724908776581287
-0.0024540915619581938 0.002268943702802062
-0.0022055262234061956 0.0022316656541079283
-0.0024091796949505806 0.0022332642693072557
-0.0018455998506397009 0.002213643165305257
-0.0019280886044725776 0.0022594346664845943
-0.002210669219493866 0.0022227263543754816
-0.0015647582476958632 0.0022282020654529333
-0.0008976489189080894 0.002198041882365942
-0.0012172483839094639 0.002200291259214282
-0.00050466472748667 0.0021390269976109266
-0.0006171126733534038 0.0021774768829345703
-0.001071365550160408 0.0021238992922008038
-0.0004942687810398638 0.002113763242959976
-0.0003462979511823505 0.0021075615659356117
-0.00013208386371843517 0.0021220105700194836
9.716092608869076e-05 0.0021069482900202274
0.00034068882814608514 0.0020796393509954214
-0.0003049788938369602 0.0020748444367200136
-0.0002641284081619233 0.0020848633721470833
0.0003838221018668264 0.0020501590333878994
-6.6105276346206665e-06 0.0020358061883598566
-0.0013150846352800727 0.002006973372772336
-0.0011388249695301056 0.002020398387685418
-0.001089567318558693 0.002049121307209134
-0.0013361123856157064 0.002058817073702812
-0.0007920319912955165 0.0020457154605537653
-0.0015583926578983665 0.002050373237580061
-0.0017900816164910793 0.002027086913585663
-0.0014757852768525481 0.001992600504308939
-0.0010608334559947252 0.0019895678851753473
-0.0007519076461903751 0.0019593697506934404
-0.0008282174239866436 0.001962771639227867
-0.0005480769323185086 0.0019703456200659275
-0.00015445437747985125 0.0019368784269317985
0.000291421398287639 0.001938084838911891
0.0006399566773325205 0.0019484884105622768
0.0004499962960835546 0.0019209805177524686
0.0005603188183158636 0.001938125235028565
0.00014112083590589464 0.0019216934451833367
-0.0001044583841576241 0.0019217911176383495
0.00023609990603290498 0.001920992392115295
0.0011399970389902592 0.0019197138026356697
0.0018150568939745426 0.0018983937334269285
0.0017215423285961151 0.0018930790247395635
0.0017803513910621405 0.0018540734890848398
0.001990692224353552 0.001858782023191452
0.0011381830554455519 0.001853899215348065
0.0010886586969718337 0.0018328264122828841
0.0006862231530249119 0.001840431708842516
0.0004909585695713758 0.0018708959687501192
0.0003403719456400722 0.0018587643280625343
-0.0001250443747267127 0.0018234049202874303
-0.00010894064325839281 0.0017997723771259189
-0.0001285863108932972 0.0017788349650800228
-0.000317918136715889 0.0017780184280127287
-0.0006748829036951065 0.0017626184271648526
-0.0008050216129049659 0.001767585868947208
-0.00019989679276477545 0.0017407600535079837
0.0002371730952290818 0.0017386676045134664
0.00023563338618259877 0.0017149922205135226
0.00031907143420539796 0.0017204934265464544
0.00023275319836102426 0.0017195832915604115
0.000588706461712718 0.0017007270362228155
0.0009430571808479726 0.0016911712009459734
0.0010491058928892016 0.0016809891676530242
0.0008360565989278257 0.001664699288085103
0.0009974371641874313 0.0016439013415947556
0.0014539331896230578 0.0016127647832036018
0.0008699685567989945 0.0016386194620281458
0.0007390290847979486 0.0016139809740707278
0.0016001872718334198 0.0016101697692647576
0.0014262562617659569 0.0016200477257370949
0.0010945911053568125 0.0016081022331491113
0.0012417539255693555 0.0016080584609881043
0.0016052706632763147 0.001602314761839807
0.0012786916922777891 0.001620413619093597
0.0018706157570704818 0.0016184075502678752
0.0014735129661858082 0.0016099740751087666
0.0011087307939305902 0.0015914265532046556
0.0010810444364324212 0.0016056300373747945
0.0006781634874641895 0.0015976638533174992
0.00010480477794772014 0.0015721616800874472
0.0003768998431041837 0.0015529915690422058
-4.1788676753640175e-05 0.0015579803148284554
0.00019085811800323427 0.0015460611321032047
-0.00021514564286917448 0.0015216508181765676
-0.00043862895108759403 0.0015205253148451447
-0.00038860738277435303 0.0015120772877708077
-0.0011139212874695659 0.0014948818134143949
-0.0016940247733145952 0.0014835780020803213
-0.0012749431189149618 0.0014647715725004673
-0.0015186112141236663 0.0014487633015960455
-0.0016017755260691047 0.0014424857217818499
-0.0011093711946159601 0.0014518877724185586
-0.0011058020172640681 0.0014399046776816249
-0.0007697373512201011 0.0014445914421230555
-0.0007744365721009672 0.0014664725167676806
-0.0010404556524008512 0.0014538797549903393
-0.0007603907724842429 0.0014651594683527946
6.784358993172646e-05 0.0014656156999990344
-0.000500025344081223 0.001449893112294376
-0.0002328449481865391 0.0014601527946069837
8.117523975670338e-06 0.001450633048079908
4.847702803090215e-05 0.0014539677649736404
0.00020983113790862262 0.0014424556866288185
0.0007706442265771329 0.0014425832778215408
0.0004877421888522804 0.0014515339862555265
0.0007388978265225887 0.0014463977422565222
0.001078772358596325 0.001470927381888032
0.0009899090509861708 0.001472679665312171
0.0008445645216852427 0.0014792222063988447
0.0007247817702591419 0.0014601231086999178
0.0008050256874412298 0.0014667068608105183
0.0007608539308421314 0.0014636187115684152
0.0008788308477960527 0.0014643138274550438
0.0009319802629761398 0.0014535614755004644
0.0003335198853164911 0.001432144083082676
0.0007820731843821704 0.001422642613761127
0.000824357324745506 0.0014218089636415243
0.0014098616084083915 0.0014216675190255046
0.001348540186882019 0.0014121553394943476
0.0017983706202358007 0.0014105215668678284
0.0018759737722575665 0.0014075791696086526
0.0018043708987534046 0.0014066273579373956
0.0020524319261312485 0.001409856486134231
0.0026450816076248884 0.0014320533955469728
0.0020592063665390015 0.001418481464497745
0.002021026099100709 0.0014066101284697652
0.0015641951467841864 0.0014130386989563704
0.001987101510167122 0.0014147665351629257
0.0017552163917571306 0.0014145805034786463
0.0022319708950817585 0.0014063474955037236
0.0016030266415327787 0.0013852630509063601
0.0013685276499018073 0.0013869779650121927
0.0016270866617560387 0.0013982217060402036
0.0011991694336757064 0.001399183296598494
0.0016529553104192019 0.0013886463129892945
0.0019179421942681074 0.0013788195792585611
0.0022049834951758385 0.001369535457342863
0.002496367320418358 0.001364144729450345
0.002338058315217495 0.0013737175613641739
0.0022506513632833958 0.0013419309398159385
0.0022943629883229733 0.0013379640877246857
0.0017231367528438568 0.0013422119664028287
0.001628268277272582 0.0013405936770141125
0.0014955837978050113 0.0013314553070813417
0.0014574186643585563 0.0013320487923920155
0.0014824471436440945 0.0013191414764150977
0.0016609930898994207 0.001321624731644988
0.0016192696057260036 0.0013167847646400332
0.0015351262409240007 0.00132257048971951
0.0013502216897904873 0.0013142992975190282
0.0008032950572669506 0.001310077146627009
0.0007288487977348268 0.0013229851610958576
0.0009486895287409425 0.001303051714785397
0.0008377053309231997 0.001306577236391604
0.0009657097980380058 0.0012927550124004483
0.0007891114801168442 0.0013059271732345223
0.000590387440752238 0.0013073795707896352
0.0005803217645734549 0.0012948563089594245
0.00017049696180038154 0.0012947842478752136
0.0006185504607856274 0.0013043743092566729
0.00063328817486763 0.0012984736822545528
0.000603988766670227 0.001290416345000267
0.00047576389624737203 0.0012819181429222226
0.0008789114654064178 0.0012805192964151502
0.0007655536755919456 0.001268873456865549
0.0007956893532536924 0.0012579443864524364
0.0007999653462320566 0.001257970230653882
0.000923427171073854 0.0012411782518029213
0.0006612883298657835 0.0012304268311709166
0.00021850503981113434 0.001223656814545393
0.0003087181248702109 0.0012358935782685876
0.0003968764503952116 0.0012408322654664516
0.0009537292644381523 0.0012506387429311872
0.0008427067659795284 0.0012428107438609004
0.0008888284210115671 0.001241485122591257
0.0010244968580082059 0.0012266670819371939
0.001031635096296668 0.0012253005988895893
0.0010864788200706244 0.0012242590310052037
0.0010864903451874852 0.0012191932182759047
0.0013172401813790202 0.0012175337178632617
0.0015424838056787848 0.001200106111355126
0.0010737309930846095 0.0012064151233062148
0.0010841835755854845 0.0012121011968702078
0.0007368914666585624 0.0012050389777868986
0.0008125543827190995 0.001195881050080061
0.0009363518911413848 0.00118829810526222
0.0014453984331339598 0.0011803836096078157
0.0014661842724308372 0.0011812095763161778
0.0016849561361595988 0.0011865512933582067
0.0012826189631596208 0.0011841307859867811
0.001362424809485674 0.0011730900732800364
0.0019168201833963394 0.0011694717686623335
0.0021698239725083113 0.001159888575784862
0.002336777513846755 0.0011440044036135077
0.0026333113200962543 0.0011352889705449343
0.0024664250668138266 0.001136976177804172
0.0023946743458509445 0.0011313705472275615
0.0021536904387176037 0.0011321355123072863
0.0019019799074158072 0.0011147249024361372
0.0017790974816307425 0.0011116290697827935
0.0016935266321524978 0.001102051930502057
0.0015536481514573097 0.001100623165257275
0.0017812121659517288 0.0010904530063271523
0.0015447617042809725 0.0010834214044734836
0.0012525818310678005 0.0010769597720354795
0.001379449269734323 0.0010613593040034175
0.0011864161351695657 0.0010589794255793095
0.0012422942090779543 0.001059031579643488
0.0012200595811009407 0.0010605971328914165
0.0014463148545473814 0.001044937875121832
0.0014942486304789782 0.001042087096720934
0.0017755243461579084 0.0010399187449365854
0.0018564234487712383 0.0010386001085862517
0.0018725842237472534 0.0010271501960232854
0.0017668958753347397 0.0010255338856950402
0.001663817442022264 0.001024963683448732
0.0013799427542835474 0.0010058782063424587
0.0011217205319553614 0.0010028575779870152
0.0009958152659237385 0.0009927285136654973
0.0010043205693364143 0.0009853155352175236
0.0010750996880233288 0.0009795714868232608
0.0005957240937277675 0.0009818599792197347
0.00042939605191349983 0.0009862075094133615
0.00010384595952928066 0.000985004473477602
5.588633939623833e-06 0.0009896430419757962
0.0002655484131537378 0.000990999978967011
0.00024884886806830764 0.0009850241476669908
0.00045593129470944405 0.0009873277740553021
0.0005368955316953361 0.0009702870738692582
0.0007861290941946208 0.0009742677793838084
0.0005106967291794717 0.0009768573800101876
0.0006589058320969343 0.0009743348346091807
0.0006221364601515234 0.000977269490249455
0.000785938638728112 0.0009858247358351946
0.0007842068444006145 0.0009771679760888219
0.000498429755680263 0.0009719074005261064
0.00026752467965707183 0.0009768655290827155
0.0003093717969022691 0.0009739178931340575
0.0003040056908503175 0.0009750958415679634
0.0005689826793968678 0.0009604059741832316
0.0005412172758951783 0.0009613996953703463
0.0006236265762709081 0.0009607959655113518
0.0006197914481163025 0.0009428912308067083
0.0005726278759539127 0.000944024242926389
0.0007550669251941144 0.0009317915537394583
0.0009765116265043616 0.0009308378794230521
0.0012456539552658796 0.0009277193457819521
0.0011710728285834193 0.0009326667059212923
0.001524327090010047 0.0009279235964640975
0.0013176494976505637 0.0009224365348927677
0.0014218250289559364 0.0009137172601185739
0.0014135204255580902 0.0009064813493750989
0.0014091295888647437 0.0009040915174409747
0.0012717170175164938 0.000893032003659755
0.0014990465715527534 0.0008888947777450085
0.0013551469892263412 0.0008785073878243566
0.0012990745017305017 0.0008751705172471702
0.0013077047187834978 0.0008704592473804951
0.0009960614843294024 0.0008660722523927689
0.0008882178226485848 0.0008586334297433496
0.000782709801569581 0.0008523669093847275
0.0009296158095821738 0.0008530234335921705
0.0007713750237599015 0.0008466866565868258
0.000717691786121577 0.0008435418712906539
0.0007447930984199047 0.0008397118654102087
0.0005705883959308267 0.0008308427059091628
0.0006360533297993243 0.0008335854508914053
0.000662413367535919 0.0008272265549749136
0.0005488881724886596 0.000824578630272299
0.0003693784528877586 0.0008205873891711235
0.00021076214034110308 0.0008127903565764427
0.00033813738264143467 0.0007990123704075813
-2.501730341464281e-05 0.0007879667682573199
-2.3034557671053335e-05 0.0007800830062478781
2.7984962798655033e-05 0.0007713866070844233
-0.0001386410294799134 0.0007720742141827941
-0.00031002904870547354 0.0007702828152105212
-0.0003669097786769271 0.0007658902904950082
-0.0003542130289133638 0.0007615942158736289
-0.00016831133689265698 0.000752946943975985
6.395675882231444e-05 0.0007513705641031265
-7.864992221584544e-05 0.0007498454651795328
-4.9307091103401035e-05 0.0007407385273836553
1.8686911062104627e-05 0.0007353689870797098
0.00024849793408066034 0.0007359710871241987
9.70643013715744e-05 0.0007288151537068188
-8.260963659267873e-05 0.0007291576475836337
-8.115622767945752e-05 0.0007287458283826709
-0.00016761975712142885 0.0007346546626649797
3.7852754758205265e-05 0.0007357840659096837
0.00015900043945293874 0.0007288968772627413
9.381266863783821e-05 0.0007295045652426779
9.696446068119258e-05 0.000726958503946662
0.00020478414080571383 0.0007256997632794082
0.00035823293728753924 0.0007221545092761517
0.0002779148053377867 0.0007197099039331079
0.00023467245046049356 0.0007276386022567749
0.00028205369017086923 0.0007215216173790395
0.0002361681981710717 0.0007186396978795528
0.0001280570577364415 0.0007159251254051924
-7.586825631733518e-06 0.0007121420931071043
5.688735836884007e-05 0.0007059808121994138
-1.4389515854418278e-05 0.0007013175636529922
0.00019034219440072775 0.0006944186752662063
0.0002184703480452299 0.0006862158770672977
3.5064334952039644e-05 0.0006877577980048954
-9.769977623363957e-05 0.0006813104846514761
-0.00021889885829295963 0.0006840615533292294
-0.00023450804292224348 0.0006823705625720322
-0.00013316677359398454 0.0006789739127270877
-7.127969001885504e-05 0.000671313377097249
-4.5122153096599504e-05 0.0006618745974265039
-0.00013048351684119552 0.0006650586728937924
-2.6156738385907374e-05 0.0006652902229689062
0.00016863626660779119 0.0006592647987417877
0.0003803561849053949 0.0006556062144227326
0.00039377820212394 0.0006519709713757038
0.0003634411550592631 0.0006479350267909467
0.00043657649075612426 0.0006432156078517437
0.00032654014648869634 0.0006359453545883298
0.00021742335229646415 0.0006285228300839663
0.00028649513842538 0.0006327716982923448
9.988678357331082e-05 0.0006257402128539979
-6.546440999954939e-06 0.0006286204443313181
-0.0001504125539213419 0.0006159715703688562
-0.00021561460744123906 0.0006116089061833918
-0.0002111168287228793 0.000605517765507102
-0.00011745467782020569 0.0005996003746986389
-2.576260521891527e-05 0.000590713694691658
-8.655153214931488e-05 0.0005809814319945872
-7.172676851041615e-05 0.0005759758059866726
-4.507557605393231e-05 0.0005757079925388098
-0.00013361603487282991 0.0005715503939427435
-0.00021874118829146028 0.0005672986735589802
-0.0001017766771838069 0.0005573578528128564
-0.0002062492276309058 0.0005525632877834141
-2.3276090360013768e-05 0.0005492130294442177
0.00017087187734432518 0.0005362032097764313
1.8718303181231022e-05 0.0005318559124134481
7.847548113204539e-05 0.0005254659918136895
8.111668284982443e-05 0.0005236461292952299
0.00020047728321515024 0.0005166485207155347
0.0002695383154787123 0.0005107495817355812
0.00029383384389802814 0.00050457933684811
0.0003029844956472516 0.0005006887367926538
0.00030956504633650184 0.0004954339819960296
0.000338427082169801 0.0004904033266939223
0.00037828099448233843 0.0004830773686990142
0.0004630534094758332 0.00048097045510075986
0.0006103613413870335 0.00047160976100713015
0.0005026890430599451 0.00046513756387867033
0.0005293548456393182 0.0004550266603473574
0.0006981431506574154 0.00044777028961107135
0.0007772105745971203 0.0004460685304366052
0.0008398954523727298 0.0004411244881339371
0.0008700883481651545 0.0004379496967885643
0.0007495532627217472 0.00043432239908725023
0.0008603859459981322 0.00043471992830745876
0.0006934473058208823 0.00043336188537068665
0.0007105217664502561 0.00043205026304349303
0.0005368604906834662 0.0004338714643381536
0.0006002933369018137 0.00042865192517638206
0.000526868156157434 0.00042662746272981167
0.0003652314771898091 0.0004210292245261371
0.00023977190721780062 0.0004209767503198236
0.0003442605375312269 0.0004147384315729141
0.000411865534260869 0.0004104521358385682
0.0002513835788704455 0.0004050553834531456
0.0002625739434733987 0.0004031481803394854
0.00029426533728837967 0.0003933618136215955
0.00017764134099707007 0.0003841161378659308
0.0002409086882835254 0.000377629796275869
0.00020399682398419827 0.000372482871171087
0.0002566778566688299 0.0003685389820020646
0.0002971509820781648 0.0003623813681770116
0.00028573995223268867 0.0003584364603739232
0.00018705578986555338 0.00035220873542129993
0.00023435091134160757 0.00034587501431815326
0.0003464272595010698 0.00033909568446688354
0.0004191551997791976 0.0003351290652062744
0.00045358319766819477 0.00032867866684682667
0.00047151485341601074 0.00032633362570777535
0.0006517268484458327 0.0003226652042940259
0.000692307366989553 0.00031579946517013013
0.0006971645052544773 0.00030971705564297736
0.0007260232232511044 0.0003040251904167235
0.0005185697227716446 0.00029666058253496885
0.0004731847147922963 0.0002918772806879133
0.0006553614512085915 0.00028536978061310947
0.0005602592136710882 0.00028078389004804194
0.000557364197447896 0.00027589293313212693
0.0005212175892665982 0.0002727143291849643
0.00045903422869741917 0.00026888155844062567
0.0003961484762839973 0.00026329877437092364
0.0004485576646402478 0.0002594004909042269
0.00040399946738034487 0.0002545249299146235
0.00047048769192770123 0.0002535353123676032
0.000472241168608889 0.00024856391246430576
0.00048472569324076176 0.0002460299292579293
0.00039209224632941186 0.00024180674517992884
0.0004000643384642899 0.00023415380564983934
0.00039084008312784135 0.00022713532962370664
0.0003557392046786845 0.00022279683616943657
0.00034611683804541826 0.00021895764803048223
0.0002123062586179003 0.00021459486742969602
0.00017709062376525253 0.00021073035895824432
0.00014082489360589534 0.00020702779875136912
0.00014186678163241595 0.0002011340402532369
0.00017459879745729268 0.00019713101210072637
0.00013884258805774152 0.00019089654961135238
0.00017117414972744882 0.00018546819046605378
0.00017112551722675562 0.0001792682451196015
0.00018221265054307878 0.0001743071770761162
0.000208952376851812 0.00016853504348546267
0.00022435646678786725 0.00016291016072500497
0.0001781013997970149 0.00015800731489434838
0.00019013843848370016 0.00015303354302886873
0.00026966779842041433 0.0001469616690883413
0.000325760745909065 0.0001418677275069058
0.00018875869864132255 0.00013548812421504408
0.00017579695850145072 0.00013090496941003948
0.00014467170694842935 0.00012541092291940004
0.00018575185094960034 0.00012063504982506856
0.00021584959176834673 0.00011662407632684335
0.0002499039110261947 0.00011222728790016845
0.00017526702140457928 0.00010646766168065369
0.00016179603699129075 0.00010122155799763277
0.00015188931138254702 9.512995166005567e-05
0.0001417054154444486 8.97910722414963e-05
0.00013361600576899946 8.521293784724548e-05
0.00018860193085856736 8.078142127487808e-05
0.00016740415594540536 7.516281766584143e-05
0.0001687005569692701 7.005146471783519e-05
0.00014731100236531347 6.456009577959776e-05
