0.17696194350719452 0.33897945284843445
-1.091100811958313 0.2534039318561554
-0.465700626373291 1.2324668169021606
-0.4656873643398285 1.2324546575546265
-0.466095507144928 1.2311432361602783
-0.46747177839279175 1.2264461517333984
-0.47258517146110535 1.2084721326828003
-0.5187425017356873 1.0918265581130981
-0.7702752947807312 0.64935702085495
-0.8056766390800476 0.5859515070915222
-0.757448673248291 0.6380001306533813
-0.728512167930603 0.5661728382110596
-0.47440391778945923 0.45880284905433655
-0.24273088574409485 0.47956714034080505
-0.2614211440086365 0.4580569863319397
-0.2474813163280487 0.4500825107097626
-0.24817737936973572 0.42317962646484375
-0.2058699131011963 0.3854092061519623
-0.1399925947189331 0.33925241231918335
-0.06881064921617508 0.29705992341041565
-0.021064426749944687 0.27421167492866516
0.002057137666270137 0.25271329283714294
0.012579765170812607 0.2335694134235382
0.0008206196944229305 0.21883690357208252
0.010958547703921795 0.2061530500650406
0.010188339278101921 0.1941339075565338
0.011676072143018246 0.1854250282049179
0.014286934398114681 0.17676018178462982
0.019023379310965538 0.17053785920143127
0.018628694117069244 0.1631428301334381
0.022976621985435486 0.1573706567287445
-0.005295617040246725 0.15235453844070435
0.037777625024318695 0.14678579568862915
-0.056502051651477814 0.1456676721572876
0.20959389209747314 0.1431194543838501
-0.3523607850074768 0.1665535867214203
0.28959226608276367 0.1425061672925949
-0.09903039783239365 0.14738072454929352
0.08481161296367645 0.13502804934978485
-0.05482640489935875 0.13190141320228577
0.09006862342357635 0.12355907261371613
-0.09425558894872665 0.12541411817073822
0.16221743822097778 0.11736761778593063
-0.21334132552146912 0.1291266530752182
0.2429666966199875 0.11784832179546356
-0.1488216072320938 0.12158720940351486
0.14693871140480042 0.11137231439352036
-0.11195187270641327 0.11241935193538666
0.12586459517478943 0.1053503081202507
-0.12616270780563354 0.10815726220607758
0.16282188892364502 0.10357237607240677
-0.16291584074497223 0.10773395001888275
0.17269954085350037 0.10140529274940491
-0.1507013440132141 0.10416685044765472
0.15974931418895721 0.0981464684009552
-0.1318846195936203 0.09966953843832016
0.14954660832881927 0.09258385002613068
-0.14384709298610687 0.09586381167173386
0.19591689109802246 0.0917714312672615
-0.18610629439353943 0.097138911485672
0.15886133909225464 0.08958126604557037
-0.12123888731002808 0.09197939187288284
0.13685080409049988 0.08703296631574631
-0.12937475740909576 0.09020295739173889
0.1254158318042755 0.08546186983585358
-0.14730584621429443 0.08828426897525787
0.1585855334997177 0.08403315395116806
-0.1697598099708557 0.0852980762720108
0.17621642351150513 0.08131635189056396
-0.1647387593984604 0.08374608308076859
0.15806087851524353 0.07965098321437836
-0.15623725950717926 0.08117005974054337
0.15208052098751068 0.07735097408294678
-0.16327153146266937 0.08122572302818298
0.15285392105579376 0.07771195471286774
-0.15724804997444153 0.07752994447946548
0.1590653657913208 0.07565406709909439
-0.16631314158439636 0.07638140767812729
0.1586865931749344 0.07509518414735794
-0.13437974452972412 0.07286707311868668
0.14608441293239594 0.07062548398971558
-0.15870533883571625 0.07131341844797134
0.1873224824666977 0.07213086634874344
-0.15084950625896454 0.07175637781620026
0.17441368103027344 0.06916143000125885
-0.16161783039569855 0.07020623236894608
0.1548464000225067 0.0688832700252533
-0.15621909499168396 0.06949814409017563
0.15845540165901184 0.06842920184135437
-0.159549742937088 0.06997814774513245
0.15849679708480835 0.06886669993400574
-0.15001994371414185 0.06989872455596924
0.13976266980171204 0.06656435877084732
-0.15372522175312042 0.06803535670042038
0.13780638575553894 0.06639445573091507
-0.15632516145706177 0.06836848706007004
0.14441516995429993 0.06671492755413055
-0.1416604220867157 0.06354597955942154
0.1401946246623993 0.06332772970199585
-0.14653870463371277 0.06184522062540054
0.1567588597536087 0.061194561421871185
-0.17348498106002808 0.060376472771167755
0.15529878437519073 0.0622289814054966
-0.13871663808822632 0.05878984555602074
0.1534128189086914 0.05983942374587059
-0.1321537047624588 0.05762847140431404
0.1796208620071411 0.056770529597997665
-0.17090082168579102 0.05699537694454193
0.18049132823944092 0.05630413442850113
-0.16452401876449585 0.0566868782043457
0.16576120257377625 0.055352676659822464
-0.15481233596801758 0.056197457015514374
0.14887484908103943 0.05421157553792
-0.14650660753250122 0.053228624165058136
0.15899613499641418 0.052683230489492416
-0.1687130331993103 0.05330752581357956
0.17648063600063324 0.05360260605812073
-0.1515677273273468 0.054121024906635284
0.15659858286380768 0.0518190972507
-0.16537317633628845 0.05354183167219162
0.15225686132907867 0.05207851156592369
-0.15830019116401672 0.052887361496686935
0.15821175277233124 0.051099978387355804
-0.153964564204216 0.05184730887413025
0.15129423141479492 0.049941010773181915
-0.148888498544693 0.05156489089131355
0.1499403864145279 0.04994834586977959
-0.16287460923194885 0.0502232201397419
0.15846531093120575 0.049934618175029755
-0.16029836237430573 0.050963155925273895
0.15534207224845886 0.04809775575995445
-0.15087231993675232 0.04934985190629959
0.14433352649211884 0.04761771857738495
-0.15813380479812622 0.04966462031006813
0.14986607432365417 0.04581287503242493
-0.1645854115486145 0.04814073070883751
0.16786012053489685 0.04755433276295662
-0.14556780457496643 0.04769797995686531
0.14617076516151428 0.046006035059690475
-0.14374971389770508 0.046204861253499985
0.14104437828063965 0.044588178396224976
-0.15090110898017883 0.04496708884835243
0.16540853679180145 0.045479558408260345
-0.14735472202301025 0.0457366481423378
0.1520104855298996 0.04377426207065582
-0.14992031455039978 0.044003408402204514
0.151088684797287 0.04266199469566345
-0.159511536359787 0.042494408786296844
0.16372613608837128 0.04322876036167145
-0.15331919491291046 0.04234630614519119
0.15567682683467865 0.04169662669301033
-0.16300243139266968 0.04378584027290344
0.13489528000354767 0.04029674828052521
-0.15956735610961914 0.04056562855839729
0.1657049059867859 0.040267884731292725
-0.15730459988117218 0.04290388152003288
0.1475955843925476 0.041314318776130676
-0.1538139283657074 0.04062884300947189
0.1433795988559723 0.04034656286239624
-0.1538694202899933 0.039102233946323395
0.16543841361999512 0.038753025233745575
-0.17811927199363708 0.04137422889471054
0.15062782168388367 0.040932994335889816
-0.14671151340007782 0.04064274951815605
0.14537206292152405 0.03966056928038597
-0.16190755367279053 0.03988192602992058
0.15054425597190857 0.03891749307513237
-0.15667593479156494 0.03948548436164856
0.15219521522521973 0.03765393793582916
-0.1453009694814682 0.037944674491882324
0.15802884101867676 0.037316855043172836
-0.14242349565029144 0.03675565868616104
0.14178451895713806 0.03717850521206856
-0.15891288220882416 0.039542797952890396
0.12267866730690002 0.03775349259376526
-0.14033055305480957 0.0346364751458168
0.1593416929244995 0.03553565964102745
-0.1561782956123352 0.034940704703330994
0.16045129299163818 0.03727031499147415
-0.150594562292099 0.03558265417814255
0.139903262257576 0.03528878092765808
-0.15940846502780914 0.035383403301239014
0.14631833136081696 0.034929871559143066
-0.16009745001792908 0.036537665873765945
0.15689167380332947 0.0343141183257103
-0.14991673827171326 0.034377750009298325
0.1573670506477356 0.03432382643222809
-0.15657269954681396 0.03540614992380142
0.14668814837932587 0.03412727639079094
-0.15364611148834229 0.03488737344741821
0.13560542464256287 0.031125927343964577
-0.15392941236495972 0.03241522237658501
0.15488827228546143 0.032535575330257416
-0.16132691502571106 0.03278617188334465
0.1471693515777588 0.03250810503959656
-0.15478840470314026 0.03225846216082573
0.15810160338878632 0.03359454497694969
-0.14683568477630615 0.0320584774017334
0.15590696036815643 0.03318985179066658
-0.15229432284832 0.032604098320007324
0.14440703392028809 0.031838804483413696
-0.14460596442222595 0.03178435564041138
0.13625796139240265 0.03119584172964096
-0.14411203563213348 0.030940517783164978
0.14321796596050262 0.031500235199928284
-0.1422496885061264 0.0301272664219141
0.15286052227020264 0.03341071680188179
-0.14525596797466278 0.02965530939400196
0.1291762888431549 0.02953667752444744
-0.1500518023967743 0.029761841520667076
0.13631996512413025 0.03040853515267372
-0.14436639845371246 0.029596222564578056
0.14146649837493896 0.029133357107639313
-0.14205794036388397 0.030126119032502174
0.14133894443511963 0.028318213298916817
-0.15065839886665344 0.028363732621073723
0.15498940646648407 0.028061967343091965
-0.1414710283279419 0.02720029093325138
0.14624212682247162 0.02902199514210224
-0.133031964302063 0.027492580935359
0.13082051277160645 0.027886979281902313
-0.13795824348926544 0.02697199396789074
0.14781787991523743 0.027401531115174294
-0.14764676988124847 0.02666611410677433
0.1336216926574707 0.025109240785241127
-0.14132298529148102 0.026747744530439377
0.1322287768125534 0.023955531418323517
-0.14099739491939545 0.02448952943086624
0.14257286489009857 0.02479850873351097
-0.14649169147014618 0.025739498436450958
0.12891831994056702 0.024164261296391487
-0.13761252164840698 0.024533677846193314
0.127400740981102 0.022796332836151123
-0.1460452675819397 0.026366913691163063
0.11665015667676926 0.022355781868100166
-0.12909971177577972 0.022613821551203728
0.1362110674381256 0.02239980734884739
-0.1360321342945099 0.02222943864762783
0.11375881731510162 0.021095089614391327
-0.13718187808990479 0.023976877331733704
0.11749409139156342 0.021051064133644104
-0.12857811152935028 0.023072248324751854
0.10978914797306061 0.023766666650772095
-0.12149351835250854 0.02193119376897812
0.12025158107280731 0.023739708587527275
-0.11374227702617645 0.023162750527262688
0.10260646045207977 0.021515807136893272
-0.10527899116277695 0.023563191294670105
0.0936850905418396 0.02370043657720089
-0.08640804886817932 0.02432822622358799
0.09018604457378387 0.023580526933073997
-0.08602174371480942 0.021725619211792946
0.10510067641735077 0.02259189262986183
-0.09246021509170532 0.021115180104970932
0.10712270438671112 0.02266916260123253
-0.09816859662532806 0.021147778257727623
0.0996062159538269 0.01885065995156765
-0.10482098162174225 0.019443094730377197
0.09988000243902206 0.018875103443861008
-0.10660143941640854 0.019916575402021408
0.09520380198955536 0.01883213222026825
-0.1038755476474762 0.02033180370926857
0.08862480521202087 0.01692717894911766
-0.09724416583776474 0.018669050186872482
0.08588331937789917 0.017181362956762314
-0.09444105625152588 0.019398681819438934
0.0771087184548378 0.018225746229290962
-0.0858263224363327 0.021746132522821426
0.05766762048006058 0.01841745525598526
-0.06388669461011887 0.019751304760575294
0.05450432747602463 0.021134404465556145
-0.054321106523275375 0.021277571097016335
0.04489782452583313 0.018929600715637207
-0.04078647866845131 0.021552734076976776
0.026279699057340622 0.02019672840833664
-0.026662901043891907 0.015603572130203247
0.03310195356607437 0.01693608984351158
-0.04344389960169792 0.018780289217829704
0.04297177493572235 0.017250094562768936
-0.04601956903934479 0.01764538139104843
0.04401153326034546 0.016228482127189636
-0.04410823434591293 0.014811934903264046
0.050098396837711334 0.015160453505814075
-0.04846559464931488 0.01641157455742359
0.044129546731710434 0.015208637341856956
-0.03894266113638878 0.014399506151676178
0.053878746926784515 0.013716313056647778
-0.044874630868434906 0.01656540296971798
0.04144895821809769 0.01714394800364971
-0.02960340678691864 0.015163141302764416
0.031651124358177185 0.01315572764724493
-0.035089101642370224 0.014025071635842323
0.037487298250198364 0.014656972140073776
-0.03278563544154167 0.015134364366531372
0.028917809948325157 0.016211137175559998
-0.021401382982730865 0.012757244519889355
0.026650389656424522 0.011416327208280563
-0.02274666540324688 0.012648126110434532
0.02620452269911766 0.01128554530441761
-0.022069638594985008 0.011994985863566399
0.0225467961281538 0.01110063586384058
-0.026143699884414673 0.012404883280396461
0.02155212126672268 0.012024111114442348
-0.016701314598321915 0.012389123439788818
0.027171416208148003 0.011394517496228218
-0.0246491190046072 0.012493958696722984
0.025439035147428513 0.012198316864669323
-0.016161177307367325 0.011463172733783722
0.014510962180793285 0.010914736427366734
-0.020881174132227898 0.011966870166361332
0.016324743628501892 0.011322391219437122
-0.013367175124585629 0.010873248800635338
0.019180117174983025 0.011388426646590233
-0.010800021700561047 0.010730410926043987
0.015373065136373043 0.009867352433502674
-0.00961888488382101 0.010010418482124805
0.011398050002753735 0.009054123423993587
-0.01078575849533081 0.010113870725035667
0.005114184692502022 0.010173128917813301
-0.005571374204009771 0.010110056959092617
0.00794069841504097 0.00898240227252245
-0.007283027749508619 0.008928746916353703
0.004299287684261799 0.010030786506831646
0.00040902881301008165 0.008715941570699215
0.0041548265144228935 0.008474084548652172
-0.0014200664591044188 0.009033854119479656
0.00011894790077349171 0.00869151670485735
0.004455492366105318 0.008941210806369781
0.0036070893984287977 0.008896514773368835
0.004567721392959356 0.00932285562157631
-0.0015068789944052696 0.008025961928069592
0.007298767566680908 0.007573660928755999
-0.0016467133536934853 0.008212616667151451
0.004421309567987919 0.007899156771600246
-0.0010168948210775852 0.00839000940322876
0.0017220806330442429 0.008202084340155125
0.000460439536254853 0.008480366319417953
0.009745651856064796 0.007585486397147179
-0.006040313746780157 0.007695868145674467
0.004131603986024857 0.007799036800861359
-0.00620049424469471 0.007965830154716969
0.006848737597465515 0.006993649061769247
-0.0055499933660030365 0.007473088335245848
0.007885421626269817 0.007920428179204464
-0.0019110289867967367 0.007820631377398968
0.0038189864717423916 0.007145480718463659
-0.0048965816386044025 0.00736489100381732
0.001819349592551589 0.007100277580320835
-0.0010204743593931198 0.007406783290207386
0.004711179994046688 0.007170036435127258
-0.004860346205532551 0.007708508055657148
-0.0006224747630767524 0.006748081184923649
-0.0001380372268613428 0.007410119287669659
0.0012489480432122946 0.0074347336776554585
9.447522461414337e-05 0.007245860993862152
-0.0022468080278486013 0.0068190437741577625
0.0017572054639458656 0.006556195206940174
0.0017258253647014499 0.00627064099535346
-0.0019910302944481373 0.006430608220398426
-0.0010482709622010589 0.006220584735274315
-0.0005687397788278759 0.0059742857702076435
-0.00336179556325078 0.005960742477327585
0.003580177202820778 0.005924788769334555
0.0005691634141840041 0.0059686992317438126
0.004213142208755016 0.006276750471442938
-0.002230121521279216 0.00607697106897831
0.0036815344356000423 0.005690538790076971
-0.00011073231871705502 0.005828103981912136
0.0004890573909506202 0.005788936745375395
0.0020644962787628174 0.0056861755438148975
-0.0003676649066619575 0.005573742091655731
-0.00048042935668490827 0.0056056431494653225
0.0025941142812371254 0.005504285916686058
-0.0015251397853717208 0.00546541903167963
0.0018485747277736664 0.005406187381595373
0.00290639023296535 0.0054438067600131035
0.0024023037403821945 0.005525902844965458
0.0015609301626682281 0.005709552206099033
0.0013606399297714233 0.00548624387010932
0.0013824849156662822 0.005651819985359907
-0.0016522080404683948 0.005334407556802034
0.0017662446480244398 0.00540168397128582
-0.0017305498477071524 0.005382242146879435
-0.0012882293667644262 0.005286324769258499
0.005549956113100052 0.005168300122022629
-0.000663230661302805 0.005367391277104616
0.001870771637186408 0.005024803336709738
0.0022062952630221844 0.0050072683952748775
0.0021897125989198685 0.0048637306317687035
0.002156125847250223 0.0049413344822824
0.0018340804381296039 0.0048139323480427265
0.005321383010596037 0.0048527163453400135
0.0016471175476908684 0.004769652150571346
0.0015883015003055334 0.004664350766688585
-0.0015303160762414336 0.004698194097727537
0.001369589939713478 0.004688574001193047
0.0005223096231929958 0.00465615838766098
0.0004208133032079786 0.004580457229167223
0.005490375217050314 0.004541545175015926
0.0019671665504574776 0.004549921955913305
0.0004967522691003978 0.004609244875609875
6.281460809987038e-05 0.004697149153798819
0.002069278620183468 0.004510803148150444
0.002405699109658599 0.0044670007191598415
1.016072928905487e-06 0.004471444524824619
0.0008155309478752315 0.004439947195351124
0.005322951357811689 0.004449466709047556
0.003797501791268587 0.004411421250551939
0.00037144962698221207 0.0043870615772902966
-0.00025618713698349893 0.004356676712632179
-0.0009753268677741289 0.004358938429504633
-0.0015007427427917719 0.00424205744639039
5.222841718932614e-05 0.00438506668433547
0.001239726901985705 0.00424716342240572
0.001836859853938222 0.0041559855453670025
0.00395345501601696 0.004307448398321867
0.0005080262199044228 0.004141256678849459
0.0003567575477063656 0.0041251289658248425
-0.0011870783055201173 0.004155431408435106
-0.00036923278821632266 0.004292407538741827
0.003711833618581295 0.0042566764168441296
0.0009611350833438337 0.004140715580433607
0.0005359829519875348 0.004121274221688509
0.0004939892096444964 0.004071732051670551
-0.0026934973429888487 0.004054345190525055
-0.0015948833897709846 0.004017192404717207
-0.0007120764348655939 0.0040412782691419125
0.0018683327361941338 0.004070492926985025
0.00019711768254637718 0.003939755726605654
0.0019259133841842413 0.003930431790649891
-0.00013461585331242532 0.003925553523004055
0.0005372396553866565 0.004049978218972683
-0.0004144099948462099 0.004052615258842707
0.0014845987316220999 0.0038770237006247044
0.0013560730731114745 0.003911734092980623
-0.00031555499299429357 0.003893681336194277
-0.0016718045808374882 0.003817909862846136
-0.0006293549085967243 0.0037969998084008694
-5.026037797506433e-06 0.0037165815010666847
0.002740951254963875 0.003707549534738064
0.0034255897626280785 0.0036730081774294376
0.001419966109097004 0.003722619265317917
-7.193814963102341e-05 0.003767689922824502
0.0002590410294942558 0.0037890691310167313
0.0007809746894054115 0.003652647603303194
0.0009260132210329175 0.003661682130768895
0.0019443484488874674 0.0036706533282995224
-0.0006180556956678629 0.0036424892023205757
0.0012366640148684382 0.00356535823084414
0.0032209553755819798 0.003510391805320978
0.0012837490066885948 0.003514873096719384
0.001443282701075077 0.003476111451163888
-0.0006858889246359468 0.0034615639597177505
0.0002476806694176048 0.0034197757486253977
-0.0014996824320405722 0.0034604230895638466
-0.0011258944869041443 0.003385757328942418
-0.0005989226046949625 0.003383095609024167
9.840711572906002e-05 0.0033755386248230934
0.00047429761616513133 0.003448904724791646
0.0012454463867470622 0.0033336621709167957
0.0009327381267212331 0.003374359104782343
-0.0007721466245129704 0.0033534038811922073
-0.00029538682429119945 0.003349130041897297
0.0006646208348684013 0.003332157852128148
4.9802474677562714e-05 0.003291121916845441
-2.0618008420569822e-05 0.003299209987744689
-0.00037993089063093066 0.003325174329802394
-0.0002524897863622755 0.0032861558720469475
-0.0005726976087316871 0.0032077995128929615
-0.0017459122464060783 0.0032249728683382273
-0.001003473298624158 0.0032461914233863354
0.00042815570486709476 0.003178959945216775
0.0003267071151640266 0.003181673586368561
0.0004155162023380399 0.003182383719831705
0.0005699718603864312 0.003165018977597356
-0.0005922905402258039 0.003123447299003601
0.0003457004204392433 0.003192567266523838
0.0004432204586919397 0.003100771689787507
-0.00010676185775082558 0.0030690531712025404
-0.0002411943132756278 0.003039097646251321
-0.0003006347396876663 0.003061919007450342
-0.000597509671933949 0.0030677146278321743
0.0008310663397423923 0.0030545752961188555
0.0014518797397613525 0.00302568799816072
0.0017992777284234762 0.0030093479435890913
0.0026182623114436865 0.0029860862996429205
0.0013820910826325417 0.0029698368161916733
0.0016698044491931796 0.002943760482594371
0.0023054308257997036 0.0029546108562499285
0.0014480811078101397 0.002910550916567445
0.0007026729872450233 0.0029481942765414715
0.0003520599566400051 0.0028833120595663786
0.0005538103869184852 0.0029106775764375925
-0.00029924599220976233 0.002880455693230033
-0.0018463276792317629 0.002885811496526003
-0.001440655323676765 0.0028765276074409485
-0.0004514066386036575 0.002860848093405366
0.00015997327864170074 0.0028749732300639153
-8.314537990372628e-05 0.0028676455840468407
-0.00017320457845926285 0.0028730479534715414
-0.00034835952101275325 0.0028338755946606398
-0.0013440869515761733 0.0027847690507769585
-0.0013307435438036919 0.002811702899634838
0.00019560917280614376 0.0027857283130288124
0.0015255431644618511 0.0027478430420160294
0.0002370378206251189 0.0027577148284763098
0.0015631315764039755 0.0026828378904610872
0.00023754010908305645 0.0027428176254034042
0.00011381980584701523 0.002688976237550378
0.0009308417211286724 0.002690892433747649
-6.379482329066377e-06 0.0026629811618477106
-0.0013392241671681404 0.0025923389475792646
-0.0013342223828658462 0.0025756547693163157
-0.0004544841358438134 0.002551736542955041
-0.00031664129346609116 0.0025365811306983232
-0.0011916806688532233 0.0025624865666031837
-0.0007235715165734291 0.002505762269720435
-0.0010075254831463099 0.002497559878975153
-0.0006175122689455748 0.0024651053827255964
-0.0004578419611789286 0.0024889707565307617
0.00026556215016171336 0.0024643593933433294
7.883529178798199e-05 0.0024249397683888674
-0.0003354460932314396 0.002421254524961114
0.0005753222503699362 0.002405985025689006
-3.190874122083187e-05 0.002405027160421014
-0.0002632934774737805 0.002364229178056121
-0.0012064012698829174 0.002313868375495076
-0.000981695018708706 0.0023131375201046467
0.0007147106807678938 0.00228028348647058
0.0004125797131564468 0.0022876437287777662
5.359295755624771e-06 0.0022543880622833967
-4.611393524101004e-05 0.0022738315165042877
0.0011526750167831779 0.00224510976113379
0.0010893669677898288 0.002261975547298789
0.0017110120970755816 0.002247875090688467
0.00196781475096941 0.002223283750936389
0.0016136614140123129 0.0022360836155712605
0.0009000792051665485 0.0022248371969908476
0.00017530994955450296 0.0022230432368814945
0.0009241424850188196 0.0022086994722485542
0.0006523245829157531 0.0021854527294635773
-0.0004920829087495804 0.002222205977886915
-0.0007371836109086871 0.002237760229036212
-0.0002094613591907546 0.0022419276647269726
6.612235301872715e-05 0.0022236821241676807
-0.00041437335312366486 0.002183518372476101
0.0002887797309085727 0.0021705031394958496
0.00011319016630295664 0.0021505439653992653
-0.0003833519876934588 0.0021295577753335238
8.465474093100056e-05 0.0021278790663927794
0.00039540184661746025 0.002128761727362871
-0.001122013432905078 0.0021224282681941986
-0.0012395766098052263 0.0020982802379876375
-0.0007795942947268486 0.002090991474688053
-0.001406108378432691 0.002067775698378682
-0.0008851735619828105 0.002041127299889922
-0.0013802185421809554 0.001994719263166189
-0.0014629297656938434 0.002039417391642928
-0.0013918732292950153 0.002057691803202033
-0.0006262921961024404 0.0020669035147875547
-0.0005771919386461377 0.0020543872378766537
-0.00043948725215159357 0.0020659479778259993
-0.0012740511447191238 0.002078891731798649
-0.0015951469540596008 0.002067873952910304
-0.0018271537264809012 0.0020380509085953236
-0.0014886510325595737 0.00201695179566741
-0.0016447312664240599 0.002019861014559865
-0.001068232348188758 0.002007820410653949
-0.001211034832522273 0.0020369605626910925
-0.0014640954323112965 0.002004672074690461
-0.0008490176405757666 0.001993900164961815
-0.0002533836232032627 0.0019658678211271763
-0.0005207634530961514 0.0019780874717980623
0.0001824066712288186 0.0019405827624723315
-8.982489816844463e-05 0.001956542255356908
-0.0005844727857038379 0.001923872041516006
1.2547787264338695e-05 0.0019112663576379418
0.00010019828187068924 0.0019081501523032784
0.00030169147066771984 0.0019183161202818155
0.00047302557504735887 0.0019051647977903485
0.0006677811034023762 0.0018858530092984438
-4.913324301014654e-05 0.001863824320025742
-4.2584026232361794e-05 0.0018640245543792844
0.0006563483620993793 0.0018331155879423022
0.0001946260454133153 0.0018296953057870269
-0.0011149279307574034 0.0018043731106445193
-0.0008381737279705703 0.001825510524213314
-0.0008019233355298638 0.0018341847462579608
-0.001015920890495181 0.0018407542956992984
-0.0003731363685801625 0.001836493145674467
-0.0011708801612257957 0.0018279547803103924
-0.0013657135423272848 0.001795621239580214
-0.0009786414448171854 0.001773101626895368
-0.0005347676342353225 0.0017731849802657962
-0.0002450085594318807 0.0017508019227534533
-0.00030111242085695267 0.0017552966019138694
-1.3456059377858764e-06 0.001755417208187282
0.0003777709789574146 0.0017330904956907034
0.0007903857622295618 0.0017358786426484585
0.000983028905466199 0.001751799019984901
0.0007251416682265699 0.0017424802063032985
0.0007669087499380112 0.0017339088954031467
0.00033036875538527966 0.0017306676600128412
5.636170317302458e-05 0.001732809585519135
0.00038509321166202426 0.0017279989551752806
0.0012441346189007163 0.001715025631710887
0.0018623382784426212 0.0017051184549927711
0.0016856251750141382 0.0016963273519650102
0.001670567668043077 0.0016730607021600008
0.0017805062234401703 0.0016721813008189201
0.0008902833797037601 0.001681066583842039
0.0008005646523088217 0.0016527308616787195
0.00036835105856880546 0.0016557135386392474
0.00016939311171881855 0.0016716974787414074
7.591198664158583e-05 0.0016531426226720214
-0.0003400685382075608 0.0016218437813222408
-0.0002902057021856308 0.0016084337839856744
-0.00024625714286230505 0.0015967589570209384
-0.00042198001756332815 0.0016016218578442931
-0.0007183935376815498 0.0015805356670171022
-0.0007740244036540389 0.0015830934280529618
-9.332267654826865e-05 0.0015606600791215897
0.0003599514893721789 0.001556903007440269
0.00036618876038119197 0.001547324936836958
0.0003843657614197582 0.001538180629722774
0.00026108132442459464 0.00152682326734066
0.0006232421146705747 0.0015106942737475038
0.0009735360508784652 0.001505066524259746
0.0010266293538734317 0.0015034384559839964
0.0007515956531278789 0.0014909093733876944
0.0008914646459743381 0.001485773827880621
0.0013603847473859787 0.0014654708793386817
0.0006919386796653271 0.001471678027883172
0.000544451700989157 0.0014602185692638159
0.0014009693404659629 0.0014610382495447993
0.0011742368806153536 0.0014629714423790574
0.000796110718511045 0.0014480093959718943
0.0009540111059322953 0.0014413513708859682
0.001298209186643362 0.0014339928748086095
0.0009179693879559636 0.001448193215765059
0.0015093984548002481 0.0014371528523042798
0.0010417508892714977 0.0014336126623675227
0.0006686282576993108 0.001427981536835432
0.00063264777418226 0.0014345524832606316
0.0002546139876358211 0.0014326689997687936
-0.00026674900436773896 0.001414385624229908
8.110528870020062e-05 0.0014018653891980648
-0.0002812252496369183 0.001417093793861568
-9.327040970674716e-06 0.0013999247457832098
-0.0004325666814111173 0.0013714971719309688
-0.0005592811503447592 0.0013713686494156718
-0.0004490666324272752 0.0013730895007029176
-0.0011691960971802473 0.0013670853804796934
-0.0016818655421957374 0.001355887157842517
-0.0011814296012744308 0.0013434892753139138
-0.0013308271300047636 0.0013334043323993683
-0.0013609637971967459 0.0013327209744602442
-0.0008257266017608345 0.0013353056274354458
-0.0007604337297379971 0.0013324457686394453
-0.0003967476077377796 0.0013418804155662656
-0.0003507097717374563 0.0013542266096919775
-0.0006574296276085079 0.0013432935811579227
-0.0003544639330357313 0.0013498126063495874
0.00043914467096328735 0.001333991764113307
-0.00016034279542509466 0.0013238320825621486
0.00010214672511210665 0.0013349625514820218
0.00032313907286152244 0.0013258240651339293
0.0003558218595571816 0.0013295604148879647
0.00046664217370562255 0.0013207534793764353
0.001027469988912344 0.0013209069147706032
0.0006947785150259733 0.0013185826828703284
0.0008951604831963778 0.001310903113335371
0.0012068882351741195 0.0013232812052592635
0.0010578369256109 0.0013137037167325616
0.000862015294842422 0.0013157045468688011
0.0007121672388166189 0.0012943473411723971
0.0007928530685603619 0.0013005401706323028
0.0007198757375590503 0.0012909837532788515
0.0007763117318972945 0.0012886126060038805
0.0007806801586411893 0.0012817071983590722
0.00015657488256692886 0.0012653262820094824
0.0006257446366362274 0.0012611423153430223
0.0006728742155246437 0.00126160797663033
0.0012325437273830175 0.00125917699187994
0.0011414618929848075 0.0012491223169490695
0.0015558474697172642 0.0012483287137001753
0.0015559876337647438 0.0012482547899708152
0.0014521172270178795 0.0012517415452748537
0.0016385375056415796 0.0012483496684581041
0.0022087832912802696 0.0012613452272489667
0.0015473987441509962 0.0012546159559860826
0.001499519101344049 0.00124772684648633
0.0010373173281550407 0.0012530918465927243
0.0014576013199985027 0.001252307090908289
0.0012075137346982956 0.001253788941539824
0.001678150030784309 0.0012438091216608882
0.0010286043398082256 0.0012260738294571638
0.0007799874292686582 0.0012279923539608717
0.0010415039723739028 0.0012377439998090267
0.0006059263250790536 0.0012364976573735476
0.0011170859215781093 0.0012271538143977523
0.0013514775782823563 0.0012185531668365002
0.00165410281624645 0.001217484357766807
0.001933608902618289 0.0012170388363301754
0.0017249260563403368 0.0012256039772182703
0.0016213336493819952 0.0012006713077425957
0.0016333413077518344 0.0011901595862582326
0.001040240516886115 0.0011961504351347685
0.0009279168443754315 0.0011952714994549751
0.0008393627358600497 0.0011862808605656028
0.0008201237069442868 0.0011850637383759022
0.0008727474487386644 0.0011767891701310873
0.001060208072885871 0.0011733501451089978
0.0010023688664659858 0.0011685772333294153
0.000942432670854032 0.0011748286196962
0.000774635816924274 0.0011711274273693562
0.00021529765217565 0.0011675066780298948
0.00021498305432032794 0.001173507422208786
0.0004518289933912456 0.001157850376330316
0.00038432079600170255 0.0011569062480702996
0.0005163908354006708 0.0011477936059236526
0.00038283871253952384 0.001156853511929512
0.00020204353495500982 0.0011577223194763064
0.00021693138114642352 0.0011479074601083994
-0.0001808229135349393 0.0011507171439006925
0.00032683563767932355 0.001145271467976272
0.0003415183164179325 0.0011388972634449601
0.00033025111770257354 0.001132873585447669
0.0002160741714760661 0.0011229487136006355
0.0006447631167247891 0.0011239006416872144
0.0005507204914465547 0.0011095708468928933
0.0005677518201991916 0.0011073488276451826
0.0005759179475717247 0.0011017357464879751
0.0007145823328755796 0.0010867392411455512
0.00046262185787782073 0.0010833502747118473
2.086154927383177e-05 0.001071362872608006
0.00014856364578008652 0.001077959081158042
0.00025149734574370086 0.001080240705050528
0.0008112535579130054 0.0010832950938493013
0.0006748458254151046 0.0010752789676189423
0.0007181425462476909 0.0010710894130170345
0.0008567807963117957 0.0010586788412183523
0.000866573944222182 0.0010528404964134097
0.0009327306179329753 0.0010510495631024241
0.0009107987280003726 0.0010422739433124661
0.0011311308480799198 0.0010395388817414641
0.0013219043612480164 0.0010239878902211785
0.0008230054518207908 0.0010297199478372931
0.0008337029139511287 0.0010260193375870585
0.0004832662525586784 0.001019260729663074
0.0005459203384816647 0.0010076613398268819
0.0006762456614524126 0.0009997100569307804
0.001180639723315835 0.0009971684776246548
0.001189826987683773 0.0009970278479158878
0.0013933766167610884 0.0010024744551628828
0.0009570351103320718 0.0010010742116719484
0.0010310106445103884 0.0009937601862475276
0.001589254941791296 0.0009844029555097222
0.0018251074943691492 0.0009776728693395853
0.0019421624019742012 0.0009610228589735925
0.0022061094641685486 0.0009537438163533807
0.0020002552773803473 0.0009510572999715805
0.001886308891698718 0.000946513784583658
0.001618109061382711 0.0009459114517085254
0.0013263397850096226 0.0009405150194652379
0.0012052732054144144 0.0009330858010798693
0.0011050121393054724 0.0009242421365343034
0.0009599607437849045 0.0009189870906993747
0.0011888490989804268 0.0009118095622397959
0.0009290915913879871 0.0009108562953770161
0.000653462135232985 0.0009051909437403083
0.0007930543506518006 0.0008911000331863761
0.0006250639562495053 0.000885398592799902
0.0006778069655410945 0.0008864302071742713
0.0006749799940735102 0.0008817638736218214
0.0008907844312489033 0.00087267707567662
0.0009410402271896601 0.000872366945259273
0.0012427609181031585 0.000868218659888953
0.001312794047407806 0.000866693735588342
0.0013076970353722572 0.0008580124704167247
0.0011880765669047832 0.0008531239000149071
0.0010924898087978363 0.0008513618959113955
0.0007899596821516752 0.0008399590733461082
0.000548899348359555 0.0008406304405070841
0.0004410005349200219 0.000833860831335187
0.000466005178168416 0.0008331749704666436
0.0005567562184296548 0.0008304169168695807
7.886641833465546e-05 0.0008321694331243634
-6.620169006055221e-05 0.0008346994873136282
-0.00036776968045160174 0.0008299023611471057
-0.0004458676266949624 0.0008341721841134131
-0.00012617450556717813 0.0008323829970322549
-8.252829866250977e-05 0.0008296140003949404
0.00012550220708362758 0.0008279412286356091
0.00024366429715882987 0.0008212265674956143
0.000502956158015877 0.0008233077824115753
0.0002193398540839553 0.0008215071284212172
0.00036520857247523963 0.0008229732047766447
0.00034717816743068397 0.000818591914139688
0.0005264720530249178 0.0008249468519352376
0.0005112243234179914 0.0008163494640029967
0.00022664069547317922 0.000809868797659874
1.3031803064222913e-05 0.0008123656734824181
8.366350084543228e-05 0.0008080226834863424
8.573585364501923e-05 0.0008026374853216112
0.00035615250817500055 0.0007887233514338732
0.00032409641426056623 0.0007909189444035292
0.0003802276332862675 0.0007894639857113361
0.0003993797581642866 0.0007808163645677269
0.00035176845267415047 0.0007791797979734838
0.0005423276452347636 0.0007680269773118198
0.0007806859794072807 0.0007645380683243275
0.0010236978996545076 0.0007606798899360001
0.0009315643692389131 0.0007663134019821882
0.001282661920413375 0.0007565513951703906
0.001044426579028368 0.0007516941986978054
0.001147822244092822 0.0007449585245922208
0.0011036120122298598 0.0007394811254926026
0.0010625096037983894 0.0007358489092439413
0.000935607822611928 0.000729962601326406
0.0011407923884689808 0.0007289288332685828
0.0009601459605619311 0.0007183805573731661
0.0009122576448135078 0.0007137989159673452
0.0008746754610911012 0.0007139037479646504
0.0005591800436377525 0.0007113272440619767
0.0004411571426317096 0.0007034747977741063
0.00035069650039076805 0.0006987061933614314
0.0004847938835155219 0.0006990880356170237
0.0003237207420170307 0.0006918320432305336
0.00029155053198337555 0.00068663340061903
0.0003228139830753207 0.0006836196989752352
0.00019076946773566306 0.0006752846529707313
0.00024079004651866853 0.0006744328420609236
0.0002868041046895087 0.0006703733815811574
0.000164006749400869 0.0006672256859019399
7.163616828620434e-06 0.0006642351509071887
-0.00015500077279284596 0.0006552203558385372
1.1905717656190973e-05 0.0006504341727122664
-0.00034702447010204196 0.0006389988120645285
-0.0003378272522240877 0.0006333311903290451
-0.00024988967925310135 0.0006280457600951195
-0.00041299135773442686 0.0006289083394221961
-0.0005469312891364098 0.0006265987176448107
-0.0005886552971787751 0.0006232099840417504
-0.0005101921269670129 0.0006215618923306465
-0.00030535570112988353 0.0006188351544551551
-6.0368758568074554e-05 0.0006191550637595356
-0.00019500123744364828 0.0006181860226206481
-0.00016763154417276382 0.0006107560475356877
-8.758933836361393e-05 0.0006064876215532422
0.0001332302636001259 0.0006055994308553636
-1.1540930245246273e-05 0.000602122803684324
-0.00018187948444392532 0.0006029514479450881
-0.00014708020898979157 0.0006010066717863083
-0.00023025581322144717 0.0006057850550860167
-2.2379721485776827e-05 0.000600710220169276
0.00010289096826454625 0.0005958527908660471
5.671775943483226e-05 0.0005949052865616977
6.645757093792781e-05 0.0005932122003287077
0.00017758712056092918 0.0005879143136553466
0.0003236797056160867 0.0005839402438141406
0.00021101723541505635 0.0005779191269539297
0.00019842220353893936 0.0005810590810142457
0.00023611033975612372 0.0005787190748378634
0.00019418173178564757 0.0005768147530034184
8.972286013886333e-05 0.0005741984350606799
-6.69771688990295e-05 0.0005704241921193898
-3.6615724638977554e-06 0.0005657069268636405
-8.069405885180458e-05 0.0005637199501506984
0.00016557076014578342 0.0005583130987361073
0.00016735278768464923 0.0005513132782652974
-5.730185421271017e-06 0.0005531812785193324
-0.00014148330956231803 0.000547791481949389
-0.0002284930960740894 0.0005495489458553493
-0.00022883973724674433 0.0005448549054563046
-0.00011028500739485025 0.0005456032231450081
-6.070527888368815e-05 0.0005382507806643844
-2.8499858672148548e-05 0.0005303772049956024
-0.00011438096407800913 0.0005302501376718283
-6.8783315327891614e-06 0.0005272842827253044
0.00022177744540385902 0.0005213005933910608
0.0004307639319449663 0.0005177301354706287
0.00041400338523089886 0.0005090149934403598
0.00037309760227799416 0.0005050541367381811
0.00042653613490983844 0.0005034852074459195
0.00030453241197392344 0.0004955242038704455
0.0001888738916022703 0.0004924618406221271
0.0002867578878067434 0.0004912270233035088
9.009660425363109e-05 0.00048617113498039544
-2.51895608016639e-06 0.0004869801050517708
-0.00013164033589418977 0.0004803339543286711
-0.00017936846415977925 0.0004803963238373399
-0.00016442427295260131 0.0004772021493408829
-3.961269976571202e-05 0.0004720191063825041
4.397184238769114e-05 0.00046605581883341074
-4.933914169669151e-06 0.0004575301136355847
1.703658745100256e-05 0.0004544548282865435
6.949234375497326e-05 0.0004510340513661504
-3.5621334973257035e-05 0.0004446807433851063
-0.00012768743908964097 0.000444245059043169
0.0003629319544415921 0.0026787559036165476
0.000263347290456295 0.0026497619692236185
0.000458245980553329 0.0026251866947859526
0.00064664933597669 0.0025885903742164373
0.00046829620259813964 0.002567921532317996
0.0005197698483243585 0.002551860874518752
0.0005173886893317103 0.002535065868869424
0.0006167361862026155 0.002520129084587097
0.0006662344094365835 0.0024986641947180033
0.000690048560500145 0.0024811034090816975
0.0006859599379822612 0.00246563833206892
0.0006930403760634363 0.002452400280162692
0.0007113573956303298 0.0024394956417381763
0.0007539691287092865 0.002421346493065357
0.0008296750020235777 0.0024128679651767015
0.0009504753397777677 0.0024003973230719566
0.0008445120183750987 0.002384262392297387
0.0008767185499891639 0.0023712688125669956
0.001035583089105785 0.002350344555452466
0.001115140737965703 0.0023428371641784906
0.0011621190933510661 0.002331111580133438
0.00119486334733665 0.0023191317450255156
0.001049792510457337 0.002310920273885131
0.0011525986483320594 0.0022991385776549578
0.0009888297645375133 0.00229465845040977
0.0009932934772223234 0.0022849654778838158
0.0008242649491876364 0.0022790145594626665
0.0008744101505726576 0.002266565104946494
0.0007801582105457783 0.002258795779198408
0.0006033824756741524 0.0022439281456172466
0.0004613896308001131 0.0022407392971217632
0.000564583926461637 0.0022254171781241894
0.000611606054008007 0.002215051557868719
0.0004624107386916876 0.002200339687988162
0.0004776812274940312 0.0021823926363140345
0.0004900943022221327 0.002164761070162058
0.00037601456278935075 0.0021434759255498648
0.00042487907921895385 0.0021303968969732523
0.00039109797216951847 0.002114554401487112
0.000427104503614828 0.002104126149788499
0.0004677967808675021 0.0020903917029500008
0.0004670250928029418 0.002078781370073557
0.00036992700188420713 0.002062411280348897
0.0003994701837655157 0.0020482183899730444
0.0005249899695627391 0.0020370970014482737
0.0005933888023719192 0.0020210181828588247
0.0006173255387693644 0.00200070533901453
0.0006398241966962814 0.0019913751166313887
0.0008219840819947422 0.001979768741875887
0.0008576747495681047 0.001965656876564026
0.0008438766235485673 0.0019512794679030776
0.0008823010139167309 0.0019356677075847983
0.0006816679378971457 0.00191633147187531
0.0006353851640596986 0.0018973590340465307
0.0008058674866333604 0.0018780494574457407
0.0007220535771921277 0.0018650057027116418
0.0006937667494639754 0.0018470452632755041
0.0006619322812184691 0.0018318259390071034
0.0006076847785152495 0.0018164406064897776
0.000557255232706666 0.0017954331124201417
0.0005948821781203151 0.001780899241566658
0.0005385061376728117 0.001764429733157158
0.0006010356592014432 0.0017461103852838278
0.000598021550104022 0.0017255928833037615
0.0005887537845410407 0.001709739095531404
0.0004822156624868512 0.001691811834461987
0.0004975497722625732 0.0016689328476786613
0.0004894805606454611 0.001648290897719562
0.000425422505941242 0.001629399019293487
0.00044025396346114576 0.0016101999208331108
0.0002951499482151121 0.0015973008703440428
0.00024920207215473056 0.0015729081351310015
0.00020184546883683652 0.0015483582392334938
0.00020094965293537825 0.0015274198958650231
0.0002405274281045422 0.0015049194917082787
0.00020807236433029175 0.0014840546064078808
0.0002300494525115937 0.0014614342944696546
0.00020576303359121084 0.0014364978997036815
0.00022858689771965146 0.001413504360243678
0.00025011581601575017 0.0013852199772372842
0.00026056935894303024 0.0013564067194238305
0.00019929857808165252 0.0013311717193573713
0.00021928180649410933 0.0013069980777800083
0.0002904945285990834 0.0012803535209968686
0.0003416517865844071 0.001252716057933867
0.0002000984677579254 0.0012249943101778626
0.00020931841572746634 0.0011965763987973332
0.00017562307766638696 0.0011671925894916058
0.0002115316892741248 0.0011383109958842397
0.00024557707365602255 0.0011090475600212812
0.0002683016355149448 0.0010802990291267633
0.00020091034821234643 0.0010503939120098948
0.0001868188555818051 0.0010190665489062667
0.00016730616334825754 0.0009868508204817772
0.0001615222863620147 0.0009544441709294915
0.0001682282891124487 0.0009204209200106561
0.00020569501793943346 0.0008860576781444252
0.00019210486789233983 0.000850383541546762
0.0001955438929144293 0.0008103514555841684
0.00016304024029523134 0.000767512887250632
